0 -2.04397 2.50941 0.382655
1 -1.45026 2.55516 0.304445
2 -0.960386 2.68304 0.106315
3 -0.303943 2.75458 -0.29779
4 0.456667 2.76719 -0.422157
5 1.18165 2.56704 -0.107118
6 1.63667 2.36335 0.0399307
7 2.12797 2.24975 -0.0452008
8 -2.12801 2.001 0.0331388
9 -1.75525 1.9718 -0.060955
10 -1.07773 2.04016 -0.219919
11 -0.34337 2.03539 -0.339656
12 0.476788 1.99278 -0.480058
13 1.25541 1.89617 -0.255626
14 1.87932 1.86494 -0.171086
15 2.15648 0.846722 -0.560136
16 -2.12183 1.29553 0.216955
17 -1.72818 1.35951 -0.0551167
18 -1.07763 1.26451 -0.145675
19 -0.334079 1.1739 -0.295429
20 0.495386 1.16467 -0.272169
21 1.26244 1.11038 -0.0443903
22 1.83942 1.11377 -0.0507584
23 2.38576 1.27026 0.206274
24 -2.12769 0.707046 0.363674
25 -1.52011 0.756956 0.141186
26 -0.991476 0.523799 0.193227
27 -0.279661 0.439444 -0.0466695
28 0.504675 0.439787 -0.115418
29 1.19807 0.473009 -0.218403
30 1.76123 0.591861 0.154873
31 2.2408 0.461975 -0.0215166
0 -2.0528 2.59629 0.431829
1 -1.40044 2.51884 0.40028
2 -0.963995 2.72307 0.128293
3 -0.285501 2.82559 -0.179889
4 0.440798 2.77284 -0.214846
5 1.17781 2.57996 -0.0271451
6 1.66091 2.44971 0.0174693
7 2.24345 2.40469 -0.0549409
8 -2.08178 1.9198 0.274598
9 -1.72763 2.10594 -0.177325
10 -1.11636 2.11059 -0.362474
11 -0.382347 2.18636 -0.505711
12 0.410868 2.06007 -0.49219
13 1.17253 1.99948 -0.494161
14 1.84445 1.94275 -0.208655
15 2.24846 2.03452 0.240504
16 -2.09408 1.35912 0.284198
17 -1.69742 1.31513 0.159515
18 -1.11291 1.33902 -0.0888748
19 -0.348419 1.22368 -0.183612
20 0.488085 1.22239 -0.201641
21 1.17456 1.26324 -0.311101
22 1.87298 1.17955 -0.0801874
23 2.31606 1.19948 -0.00344348
24 -2.10672 0.701056 0.333768
25 -1.4893 0.730253 0.252035
26 -0.969876 0.544665 0.0820295
27 -0.332751 0.472041 0.0503165
28 0.439274 0.461007 -0.132628
29 1.16468 0.518978 -0.0841763
30 1.66838 0.58317 -0.0211383
31 2.22074 0.625364 0.179509
0 -2.08603 2.55213 0.346067
1 -1.41151 2.5679 0.323975
2 -0.982924 2.66406 -0.0630403
3 -0.289741 2.77279 -0.316849
4 0.455158 2.64681 -0.25817
5 1.13058 2.50629 0.00508022
6 1.6371 2.33907 0.115844
7 2.1577 2.49784 0.223765
8 -2.04867 1.90835 0.244694
9 -1.67446 2.02118 -0.0131138
10 -1.07957 2.0465 -0.150595
11 -0.339311 2.03528 -0.246051
12 0.487964 1.95998 -0.179025
13 1.27237 1.86544 -0.0386091
14 1.96377 1.84787 0.0661876
15 2.11336 1.95492 0.444048
16 -2.11007 1.29102 0.24357
17 -1.71962 1.31739 -0.102348
18 -1.08266 1.27449 -0.262949
19 -0.345029 1.21446 -0.288368
20 0.50547 1.15011 -0.245176
21 1.28028 1.13689 -0.00421304
22 1.89354 1.14902 0.134105
23 2.04146 0.188205 -0.555524
24 -2.11072 0.674399 0.308094
25 -1.48611 0.684937 0.134667
26 -1.00376 0.518608 0.00357699
27 -0.30632 0.460984 -0.124777
28 0.464475 0.442593 -0.170125
29 1.20324 0.447912 -0.0174146
30 1.66558 0.604412 0.0110928
31 1.45065 -0.46233 -0.20137
0 -2.06599 2.61119 0.294831
1 -1.45853 2.55647 0.194517
2 -0.994965 2.72471 -0.0399314
3 -0.320595 2.77679 -0.191152
4 0.477619 2.66892 -0.255159
5 1.15128 2.52404 0.0328807
6 1.62279 2.33345 0.0551144
7 2.05201 2.36898 0.315708
8 -2.0999 1.95931 0.115106
9 -1.71273 2.02468 0.011228
10 -1.05445 2.02172 -0.0192635
11 -0.306964 2.01152 -0.0849001
12 0.490223 1.99214 -0.423956
13 1.23678 1.90824 -0.169682
14 1.87739 1.83785 0.0683928
15 2.09582 1.79506 0.303464
16 -2.12112 1.32627 0.104543
17 -1.74046 1.3047 -0.00377244
18 -1.07908 1.27504 -0.160244
19 -0.342823 1.21585 -0.264975
20 0.476421 1.19673 -0.289738
21 1.21407 1.18939 -0.223309
22 1.8455 1.14728 -0.105211
23 2.07106 0.207296 -0.774944
24 -2.02118 0.648435 0.312434
25 -1.42458 0.65723 0.210284
26 -0.971762 0.528363 0.0148317
27 -0.268836 0.496539 -0.0922487
28 0.510741 0.477269 -0.197091
29 1.19857 0.478379 -0.00541109
30 1.7206 0.623441 0.0787073
31 1.93662 0.182214 0.151713
0 -2.0556 2.46901 0.322538
1 -1.41815 2.5734 0.12171
2 -0.969604 2.70565 -0.00997925
3 -0.269775 2.75186 -0.140514
4 0.485328 2.62911 -0.0996988
5 1.19469 2.55084 -0.0571366
6 1.64491 2.40294 0.0534949
7 2.14259 2.34269 0.119199
8 -2.05475 1.94209 0.204585
9 -1.68885 2.02973 0.048844
10 -1.07031 2.00732 -0.0542889
11 -0.275274 2.02134 -0.0898073
12 0.516852 1.93787 -0.0445729
13 1.28555 1.88542 0.0451939
14 1.87963 1.85328 0.0583581
15 2.1533 1.89318 0.282956
16 -2.18545 1.37129 0.0619293
17 -1.78185 1.39664 -0.151773
18 -1.09703 1.3345 -0.290994
19 -0.3219 1.25601 -0.394487
20 0.48933 1.14237 -0.263484
21 1.25354 1.18394 -0.11416
22 1.86878 1.16261 0.0462794
23 2.41916 1.34541 0.21374
24 -2.04572 0.658527 0.409761
25 -1.45 0.642927 0.275811
26 -1.00169 0.573182 0.00300908
27 -0.289593 0.407243 -0.0369363
28 0.501845 0.413363 -0.0551534
29 1.20207 0.480652 -0.0374402
30 1.7155 0.582752 0.0947498
31 1.75609 0.0806 0.0503988
