0 -2.35634 3.08107 -0.0916661
1 -1.71592 3.05882 -0.108464
2 -1.06126 3.0847 -0.0945064
3 -0.413178 3.06903 -0.0966381
4 0.244473 3.05784 -0.0883336
5 0.920461 3.07053 -0.0566728
6 1.58525 3.03482 -0.0555822
7 2.26417 3.0506 -0.0543175
8 -2.36936 2.42226 -0.128513
9 -1.70287 2.42605 -0.0937364
10 -1.07241 2.40911 -0.0907439
11 -0.407079 2.41067 -0.0920403
12 0.235657 2.37402 -0.0715904
13 0.904247 2.3707 -0.0590358
14 1.59489 2.37922 -0.0547502
15 2.25044 2.37485 -0.0188489
16 -2.37171 1.7253 -0.0818661
17 -1.70606 1.74619 -0.0906261
18 -1.04556 1.72259 -0.0817821
19 -0.388779 1.71399 -0.0663017
20 0.25172 1.70558 -0.0387492
21 0.925614 1.71682 -0.0245839
22 1.60099 1.7021 -0.0283403
23 2.27715 1.67932 -0.0240309
24 -2.35642 1.06337 -0.0932611
25 -1.69582 1.06335 -0.0553381
26 -1.03896 1.04812 -0.0578375
27 -0.369319 1.03284 -0.0375088
28 0.267433 1.04582 -0.0279819
29 0.959875 1.03814 -0.0149064
30 1.6314 1.03194 -0.015168
31 2.27806 0.977475 0.00352407
0 -4.31602e+08 -4.31602e+08 -4.31602e+08
1 -4.31602e+08 -4.31602e+08 -4.31602e+08
2 -4.31602e+08 -4.31602e+08 -4.31602e+08
3 -4.31602e+08 -4.31602e+08 -4.31602e+08
4 -4.31602e+08 -4.31602e+08 -4.31602e+08
5 -4.31602e+08 -4.31602e+08 -4.31602e+08
6 -4.31602e+08 -4.31602e+08 -4.31602e+08
7 -4.31602e+08 -4.31602e+08 -4.31602e+08
8 -4.31602e+08 -4.31602e+08 -4.31602e+08
9 -4.31602e+08 -4.31602e+08 -4.31602e+08
10 -4.31602e+08 -4.31602e+08 -4.31602e+08
11 -4.31602e+08 -4.31602e+08 -4.31602e+08
12 -4.31602e+08 -4.31602e+08 -4.31602e+08
13 -4.31602e+08 -4.31602e+08 -4.31602e+08
14 -4.31602e+08 -4.31602e+08 -4.31602e+08
15 -4.31602e+08 -4.31602e+08 -4.31602e+08
16 -4.31602e+08 -4.31602e+08 -4.31602e+08
17 -4.31602e+08 -4.31602e+08 -4.31602e+08
18 -4.31602e+08 -4.31602e+08 -4.31602e+08
19 -4.31602e+08 -4.31602e+08 -4.31602e+08
20 -4.31602e+08 -4.31602e+08 -4.31602e+08
21 -4.31602e+08 -4.31602e+08 -4.31602e+08
22 -4.31602e+08 -4.31602e+08 -4.31602e+08
23 -4.31602e+08 -4.31602e+08 -4.31602e+08
24 -4.31602e+08 -4.31602e+08 -4.31602e+08
25 -4.31602e+08 -4.31602e+08 -4.31602e+08
26 -4.31602e+08 -4.31602e+08 -4.31602e+08
27 -4.31602e+08 -4.31602e+08 -4.31602e+08
28 -4.31602e+08 -4.31602e+08 -4.31602e+08
29 -4.31602e+08 -4.31602e+08 -4.31602e+08
30 -4.31602e+08 -4.31602e+08 -4.31602e+08
31 -4.31602e+08 -4.31602e+08 -4.31602e+08
0 -4.31602e+08 -4.31602e+08 -4.31602e+08
1 -4.31602e+08 -4.31602e+08 -4.31602e+08
2 -4.31602e+08 -4.31602e+08 -4.31602e+08
3 -4.31602e+08 -4.31602e+08 -4.31602e+08
4 -4.31602e+08 -4.31602e+08 -4.31602e+08
5 -4.31602e+08 -4.31602e+08 -4.31602e+08
6 -4.31602e+08 -4.31602e+08 -4.31602e+08
7 -4.31602e+08 -4.31602e+08 -4.31602e+08
8 -4.31602e+08 -4.31602e+08 -4.31602e+08
9 -4.31602e+08 -4.31602e+08 -4.31602e+08
10 -4.31602e+08 -4.31602e+08 -4.31602e+08
11 -4.31602e+08 -4.31602e+08 -4.31602e+08
12 -4.31602e+08 -4.31602e+08 -4.31602e+08
13 -4.31602e+08 -4.31602e+08 -4.31602e+08
14 -4.31602e+08 -4.31602e+08 -4.31602e+08
15 -4.31602e+08 -4.31602e+08 -4.31602e+08
16 -4.31602e+08 -4.31602e+08 -4.31602e+08
17 -4.31602e+08 -4.31602e+08 -4.31602e+08
18 -4.31602e+08 -4.31602e+08 -4.31602e+08
19 -4.31602e+08 -4.31602e+08 -4.31602e+08
20 -4.31602e+08 -4.31602e+08 -4.31602e+08
21 -4.31602e+08 -4.31602e+08 -4.31602e+08
22 -4.31602e+08 -4.31602e+08 -4.31602e+08
23 -4.31602e+08 -4.31602e+08 -4.31602e+08
24 -4.31602e+08 -4.31602e+08 -4.31602e+08
25 -4.31602e+08 -4.31602e+08 -4.31602e+08
26 -4.31602e+08 -4.31602e+08 -4.31602e+08
27 -4.31602e+08 -4.31602e+08 -4.31602e+08
28 -4.31602e+08 -4.31602e+08 -4.31602e+08
29 -4.31602e+08 -4.31602e+08 -4.31602e+08
30 -4.31602e+08 -4.31602e+08 -4.31602e+08
31 -4.31602e+08 -4.31602e+08 -4.31602e+08
0 -4.31602e+08 -4.31602e+08 -4.31602e+08
1 -4.31602e+08 -4.31602e+08 -4.31602e+08
2 -4.31602e+08 -4.31602e+08 -4.31602e+08
3 -4.31602e+08 -4.31602e+08 -4.31602e+08
4 -4.31602e+08 -4.31602e+08 -4.31602e+08
5 -4.31602e+08 -4.31602e+08 -4.31602e+08
6 -4.31602e+08 -4.31602e+08 -4.31602e+08
7 -4.31602e+08 -4.31602e+08 -4.31602e+08
8 -4.31602e+08 -4.31602e+08 -4.31602e+08
9 -4.31602e+08 -4.31602e+08 -4.31602e+08
10 -4.31602e+08 -4.31602e+08 -4.31602e+08
11 -4.31602e+08 -4.31602e+08 -4.31602e+08
12 -4.31602e+08 -4.31602e+08 -4.31602e+08
13 -4.31602e+08 -4.31602e+08 -4.31602e+08
14 -4.31602e+08 -4.31602e+08 -4.31602e+08
15 -4.31602e+08 -4.31602e+08 -4.31602e+08
16 -4.31602e+08 -4.31602e+08 -4.31602e+08
17 -4.31602e+08 -4.31602e+08 -4.31602e+08
18 -4.31602e+08 -4.31602e+08 -4.31602e+08
19 -4.31602e+08 -4.31602e+08 -4.31602e+08
20 -4.31602e+08 -4.31602e+08 -4.31602e+08
21 -4.31602e+08 -4.31602e+08 -4.31602e+08
22 -4.31602e+08 -4.31602e+08 -4.31602e+08
23 -4.31602e+08 -4.31602e+08 -4.31602e+08
24 -4.31602e+08 -4.31602e+08 -4.31602e+08
25 -4.31602e+08 -4.31602e+08 -4.31602e+08
26 -4.31602e+08 -4.31602e+08 -4.31602e+08
27 -4.31602e+08 -4.31602e+08 -4.31602e+08
28 -4.31602e+08 -4.31602e+08 -4.31602e+08
29 -4.31602e+08 -4.31602e+08 -4.31602e+08
30 -4.31602e+08 -4.31602e+08 -4.31602e+08
31 -4.31602e+08 -4.31602e+08 -4.31602e+08
0 -4.31602e+08 -4.31602e+08 -4.31602e+08
1 -4.31602e+08 -4.31602e+08 -4.31602e+08
2 -4.31602e+08 -4.31602e+08 -4.31602e+08
3 -4.31602e+08 -4.31602e+08 -4.31602e+08
4 -4.31602e+08 -4.31602e+08 -4.31602e+08
5 -4.31602e+08 -4.31602e+08 -4.31602e+08
6 -4.31602e+08 -4.31602e+08 -4.31602e+08
7 -4.31602e+08 -4.31602e+08 -4.31602e+08
8 -4.31602e+08 -4.31602e+08 -4.31602e+08
9 -4.31602e+08 -4.31602e+08 -4.31602e+08
10 -4.31602e+08 -4.31602e+08 -4.31602e+08
11 -4.31602e+08 -4.31602e+08 -4.31602e+08
12 -4.31602e+08 -4.31602e+08 -4.31602e+08
13 -4.31602e+08 -4.31602e+08 -4.31602e+08
14 -4.31602e+08 -4.31602e+08 -4.31602e+08
15 -4.31602e+08 -4.31602e+08 -4.31602e+08
16 -4.31602e+08 -4.31602e+08 -4.31602e+08
17 -4.31602e+08 -4.31602e+08 -4.31602e+08
18 -4.31602e+08 -4.31602e+08 -4.31602e+08
19 -4.31602e+08 -4.31602e+08 -4.31602e+08
20 -4.31602e+08 -4.31602e+08 -4.31602e+08
21 -4.31602e+08 -4.31602e+08 -4.31602e+08
22 -4.31602e+08 -4.31602e+08 -4.31602e+08
23 -4.31602e+08 -4.31602e+08 -4.31602e+08
24 -4.31602e+08 -4.31602e+08 -4.31602e+08
25 -4.31602e+08 -4.31602e+08 -4.31602e+08
26 -4.31602e+08 -4.31602e+08 -4.31602e+08
27 -4.31602e+08 -4.31602e+08 -4.31602e+08
28 -4.31602e+08 -4.31602e+08 -4.31602e+08
29 -4.31602e+08 -4.31602e+08 -4.31602e+08
30 -4.31602e+08 -4.31602e+08 -4.31602e+08
31 -4.31602e+08 -4.31602e+08 -4.31602e+08
0 -4.31602e+08 -4.31602e+08 -4.31602e+08
1 -4.31602e+08 -4.31602e+08 -4.31602e+08
2 -4.31602e+08 -4.31602e+08 -4.31602e+08
3 -4.31602e+08 -4.31602e+08 -4.31602e+08
4 -4.31602e+08 -4.31602e+08 -4.31602e+08
5 -4.31602e+08 -4.31602e+08 -4.31602e+08
6 -4.31602e+08 -4.31602e+08 -4.31602e+08
7 -4.31602e+08 -4.31602e+08 -4.31602e+08
8 -4.31602e+08 -4.31602e+08 -4.31602e+08
9 -4.31602e+08 -4.31602e+08 -4.31602e+08
10 -4.31602e+08 -4.31602e+08 -4.31602e+08
11 -4.31602e+08 -4.31602e+08 -4.31602e+08
12 -4.31602e+08 -4.31602e+08 -4.31602e+08
13 -4.31602e+08 -4.31602e+08 -4.31602e+08
14 -4.31602e+08 -4.31602e+08 -4.31602e+08
15 -4.31602e+08 -4.31602e+08 -4.31602e+08
16 -4.31602e+08 -4.31602e+08 -4.31602e+08
17 -4.31602e+08 -4.31602e+08 -4.31602e+08
18 -4.31602e+08 -4.31602e+08 -4.31602e+08
19 -4.31602e+08 -4.31602e+08 -4.31602e+08
20 -4.31602e+08 -4.31602e+08 -4.31602e+08
21 -4.31602e+08 -4.31602e+08 -4.31602e+08
22 -4.31602e+08 -4.31602e+08 -4.31602e+08
23 -4.31602e+08 -4.31602e+08 -4.31602e+08
24 -4.31602e+08 -4.31602e+08 -4.31602e+08
25 -4.31602e+08 -4.31602e+08 -4.31602e+08
26 -4.31602e+08 -4.31602e+08 -4.31602e+08
27 -4.31602e+08 -4.31602e+08 -4.31602e+08
28 -4.31602e+08 -4.31602e+08 -4.31602e+08
29 -4.31602e+08 -4.31602e+08 -4.31602e+08
30 -4.31602e+08 -4.31602e+08 -4.31602e+08
31 -4.31602e+08 -4.31602e+08 -4.31602e+08
0 -4.31602e+08 -4.31602e+08 -4.31602e+08
1 -4.31602e+08 -4.31602e+08 -4.31602e+08
2 -4.31602e+08 -4.31602e+08 -4.31602e+08
3 -4.31602e+08 -4.31602e+08 -4.31602e+08
4 -4.31602e+08 -4.31602e+08 -4.31602e+08
5 -4.31602e+08 -4.31602e+08 -4.31602e+08
6 -4.31602e+08 -4.31602e+08 -4.31602e+08
7 -4.31602e+08 -4.31602e+08 -4.31602e+08
8 -4.31602e+08 -4.31602e+08 -4.31602e+08
9 -4.31602e+08 -4.31602e+08 -4.31602e+08
10 -4.31602e+08 -4.31602e+08 -4.31602e+08
11 -4.31602e+08 -4.31602e+08 -4.31602e+08
12 -4.31602e+08 -4.31602e+08 -4.31602e+08
13 -4.31602e+08 -4.31602e+08 -4.31602e+08
14 -4.31602e+08 -4.31602e+08 -4.31602e+08
15 -4.31602e+08 -4.31602e+08 -4.31602e+08
16 -4.31602e+08 -4.31602e+08 -4.31602e+08
17 -4.31602e+08 -4.31602e+08 -4.31602e+08
18 -4.31602e+08 -4.31602e+08 -4.31602e+08
19 -4.31602e+08 -4.31602e+08 -4.31602e+08
20 -4.31602e+08 -4.31602e+08 -4.31602e+08
21 -4.31602e+08 -4.31602e+08 -4.31602e+08
22 -4.31602e+08 -4.31602e+08 -4.31602e+08
23 -4.31602e+08 -4.31602e+08 -4.31602e+08
24 -4.31602e+08 -4.31602e+08 -4.31602e+08
25 -4.31602e+08 -4.31602e+08 -4.31602e+08
26 -4.31602e+08 -4.31602e+08 -4.31602e+08
27 -4.31602e+08 -4.31602e+08 -4.31602e+08
28 -4.31602e+08 -4.31602e+08 -4.31602e+08
29 -4.31602e+08 -4.31602e+08 -4.31602e+08
30 -4.31602e+08 -4.31602e+08 -4.31602e+08
31 -4.31602e+08 -4.31602e+08 -4.31602e+08
0 -4.31602e+08 -4.31602e+08 -4.31602e+08
1 -4.31602e+08 -4.31602e+08 -4.31602e+08
2 -4.31602e+08 -4.31602e+08 -4.31602e+08
3 -4.31602e+08 -4.31602e+08 -4.31602e+08
4 -4.31602e+08 -4.31602e+08 -4.31602e+08
5 -4.31602e+08 -4.31602e+08 -4.31602e+08
6 -4.31602e+08 -4.31602e+08 -4.31602e+08
7 -4.31602e+08 -4.31602e+08 -4.31602e+08
8 -4.31602e+08 -4.31602e+08 -4.31602e+08
9 -4.31602e+08 -4.31602e+08 -4.31602e+08
10 -4.31602e+08 -4.31602e+08 -4.31602e+08
11 -4.31602e+08 -4.31602e+08 -4.31602e+08
12 -4.31602e+08 -4.31602e+08 -4.31602e+08
13 -4.31602e+08 -4.31602e+08 -4.31602e+08
14 -4.31602e+08 -4.31602e+08 -4.31602e+08
15 -4.31602e+08 -4.31602e+08 -4.31602e+08
16 -4.31602e+08 -4.31602e+08 -4.31602e+08
17 -4.31602e+08 -4.31602e+08 -4.31602e+08
18 -4.31602e+08 -4.31602e+08 -4.31602e+08
19 -4.31602e+08 -4.31602e+08 -4.31602e+08
20 -4.31602e+08 -4.31602e+08 -4.31602e+08
21 -4.31602e+08 -4.31602e+08 -4.31602e+08
22 -4.31602e+08 -4.31602e+08 -4.31602e+08
23 -4.31602e+08 -4.31602e+08 -4.31602e+08
24 -4.31602e+08 -4.31602e+08 -4.31602e+08
25 -4.31602e+08 -4.31602e+08 -4.31602e+08
26 -4.31602e+08 -4.31602e+08 -4.31602e+08
27 -4.31602e+08 -4.31602e+08 -4.31602e+08
28 -4.31602e+08 -4.31602e+08 -4.31602e+08
29 -4.31602e+08 -4.31602e+08 -4.31602e+08
30 -4.31602e+08 -4.31602e+08 -4.31602e+08
31 -4.31602e+08 -4.31602e+08 -4.31602e+08
0 -4.31602e+08 -4.31602e+08 -4.31602e+08
1 -4.31602e+08 -4.31602e+08 -4.31602e+08
2 -4.31602e+08 -4.31602e+08 -4.31602e+08
3 -4.31602e+08 -4.31602e+08 -4.31602e+08
4 -4.31602e+08 -4.31602e+08 -4.31602e+08
5 -4.31602e+08 -4.31602e+08 -4.31602e+08
6 -4.31602e+08 -4.31602e+08 -4.31602e+08
7 -4.31602e+08 -4.31602e+08 -4.31602e+08
8 -4.31602e+08 -4.31602e+08 -4.31602e+08
9 -4.31602e+08 -4.31602e+08 -4.31602e+08
10 -4.31602e+08 -4.31602e+08 -4.31602e+08
11 -4.31602e+08 -4.31602e+08 -4.31602e+08
12 -4.31602e+08 -4.31602e+08 -4.31602e+08
13 -4.31602e+08 -4.31602e+08 -4.31602e+08
14 -4.31602e+08 -4.31602e+08 -4.31602e+08
15 -4.31602e+08 -4.31602e+08 -4.31602e+08
16 -4.31602e+08 -4.31602e+08 -4.31602e+08
17 -4.31602e+08 -4.31602e+08 -4.31602e+08
18 -4.31602e+08 -4.31602e+08 -4.31602e+08
19 -4.31602e+08 -4.31602e+08 -4.31602e+08
20 -4.31602e+08 -4.31602e+08 -4.31602e+08
21 -4.31602e+08 -4.31602e+08 -4.31602e+08
22 -4.31602e+08 -4.31602e+08 -4.31602e+08
23 -4.31602e+08 -4.31602e+08 -4.31602e+08
24 -4.31602e+08 -4.31602e+08 -4.31602e+08
25 -4.31602e+08 -4.31602e+08 -4.31602e+08
26 -4.31602e+08 -4.31602e+08 -4.31602e+08
27 -4.31602e+08 -4.31602e+08 -4.31602e+08
28 -4.31602e+08 -4.31602e+08 -4.31602e+08
29 -4.31602e+08 -4.31602e+08 -4.31602e+08
30 -4.31602e+08 -4.31602e+08 -4.31602e+08
31 -4.31602e+08 -4.31602e+08 -4.31602e+08
