0 -2.40232 3.2567 -0.609161
1 -1.86937 3.3926 -0.774047
2 -1.12065 3.28188 -0.861819
3 -0.530337 3.53399 -1.29086
4 0.2222 3.54119 -1.22225
5 0.901363 3.29002 -0.813201
6 1.62665 3.30947 -0.679771
7 2.29901 3.18205 -0.326694
8 -2.55435 2.65732 -0.515018
9 -1.88748 2.58948 -0.631017
10 -1.35458 2.72316 -0.681288
11 -0.611562 2.8441 -1.34487
12 0.20289 2.8096 -1.28026
13 0.963941 2.7065 -1.04976
14 1.58547 2.59817 -0.732194
15 2.28781 2.52066 -0.386631
16 -2.4571 1.87887 -0.498803
17 -1.92769 1.99375 -0.679797
18 -1.36096 1.86746 -0.69579
19 -0.592894 1.93252 -1.01142
20 0.342238 1.94474 -1.11485
21 1.12751 1.87396 -0.719688
22 1.7451 1.86092 -0.436869
23 2.3504 1.83569 -0.302914
24 -2.43555 1.21662 -0.390633
25 -1.8809 1.18587 -0.506826
26 -1.14252 1.18737 -0.598582
27 -0.493138 1.07353 -0.73371
28 0.298559 1.11987 -0.94667
29 0.94744 1.23212 -0.685396
30 1.74374 1.09566 -0.426518
31 2.38917 1.11279 -0.205427
