0 -2.27998 2.60409 0.200951
1 -1.63851 2.59476 0.232232
2 -1.15851 2.76572 0.0700998
3 -0.44874 2.84374 -0.0212681
4 0.376321 2.82306 -0.0879851
5 1.03002 2.73052 0.00254548
6 1.53991 2.52366 0.101736
7 2.16456 2.592 0.0732559
8 -2.26127 1.92391 0.220848
9 -1.90741 1.95975 0.101456
10 -1.29336 2.0623 -0.0249121
11 -0.545373 2.09087 -0.0389162
12 0.325611 2.04826 0.0250347
13 1.15245 2.03931 0.186488
14 1.80232 1.98217 0.248067
15 2.21488 1.90359 0.233176
16 -2.29086 1.35028 0.376869
17 -1.9484 1.31773 0.18687
18 -1.23895 1.27098 0.108226
19 -0.4495 1.20608 0.173181
20 0.387866 1.20057 0.231485
21 1.20504 1.22525 0.350585
22 1.81686 1.20923 0.416071
23 2.21959 1.30018 0.439552
24 -2.26339 0.672118 0.339495
25 -1.62573 0.699805 0.37773
26 -1.14889 0.543095 0.286158
27 -0.470723 0.44509 0.128562
28 0.364902 0.431193 0.116167
29 1.09267 0.53455 0.272885
30 1.60136 0.642334 0.355643
31 2.21975 0.552025 0.353974
