0 -2.31273 2.55224 0.212819
1 -1.62345 2.52841 0.202303
2 -1.02503 2.54632 0.223326
3 -0.385361 2.53721 0.230619
4 0.253334 2.47534 0.185676
5 0.8982 2.51141 0.25491
6 1.50261 2.50855 0.191172
7 2.19229 2.51772 0.246171
8 -2.28128 1.91147 0.232727
9 -1.60013 1.91484 0.240487
10 -0.996454 1.90019 0.262063
11 -0.35383 1.87178 0.244789
12 0.255686 1.87972 0.247995
13 0.909217 1.88531 0.241642
14 1.5746 1.87087 0.342501
15 2.21529 1.90199 0.252873
16 -2.27639 1.31547 0.216848
17 -1.65737 1.26137 0.260769
18 -0.987999 1.26286 0.31452
19 -0.353695 1.21625 0.320114
20 0.304205 1.238 0.300472
21 0.929927 1.24584 0.286987
22 1.55542 1.27359 0.276763
23 2.21122 1.24672 0.254272
24 -2.24637 0.643253 0.284493
25 -1.58895 0.627935 0.28565
26 -0.980897 0.616657 0.261153
27 -0.332964 0.58752 0.250668
28 0.298921 0.598778 0.296411
29 0.931802 0.601493 0.283325
30 1.56006 0.596321 0.268185
31 2.17685 0.582259 0.150919
0 -2.23277 2.55403 0.342373
1 -1.63022 2.58529 0.345802
2 -0.994074 2.56826 0.340399
3 -0.355334 2.56996 0.41718
4 0.265632 2.54508 0.349368
5 0.886702 2.584 0.311705
6 1.51967 2.59097 0.222122
7 2.20965 2.57167 0.29812
8 -2.26835 1.93757 0.239998
9 -1.63914 1.92893 0.256553
10 -0.989148 1.93512 0.278015
11 -0.34468 1.8884 0.304509
12 0.297363 1.90724 0.348102
13 0.939003 1.92469 0.340726
14 1.55784 1.89519 0.338062
15 2.23575 1.93087 0.309296
16 -2.29918 1.3206 0.268276
17 -1.64098 1.30786 0.27348
18 -0.973627 1.29253 0.357919
19 -0.34682 1.24922 0.384534
20 0.320689 1.26233 0.371646
21 0.972134 1.24357 0.349042
22 1.60666 1.2538 0.350321
23 2.23088 1.24453 0.37334
24 -2.2584 0.650203 0.307291
25 -1.59841 0.689024 0.352875
26 -0.97095 0.630494 0.322439
27 -0.276015 0.620838 0.369779
28 0.357757 0.620525 0.374431
29 0.969665 0.616224 0.357152
30 1.60156 0.65399 0.324688
31 2.24537 0.644696 0.413177
0 -2.27875 2.62095 0.332887
1 -1.6315 2.5905 0.334772
2 -0.972736 2.57839 0.389367
3 -0.348379 2.58152 0.376637
4 0.284431 2.61624 0.395733
5 0.919474 2.56745 0.365636
6 1.54448 2.55511 0.28458
7 2.20679 2.58789 0.287671
8 -2.36012 1.99616 0.261768
9 -1.63264 1.93931 0.347241
10 -0.955565 1.93226 0.366389
11 -0.346829 1.93647 0.406141
12 0.310514 1.91544 0.420412
13 0.959825 1.90955 0.397199
14 1.57043 1.93448 0.417988
15 2.23664 1.94193 0.354971
16 -2.26159 1.35091 0.324652
17 -1.64977 1.31192 0.31257
18 -0.974898 1.30023 0.379368
19 -0.356897 1.30378 0.333583
20 0.335097 1.26896 0.351911
21 0.96301 1.28909 0.381022
22 1.59945 1.25966 0.365821
23 2.1982 1.23111 0.407737
24 -2.34107 0.613387 0.328209
25 -1.61034 0.635476 0.414532
26 -0.959493 0.627374 0.45429
27 -0.302871 0.636228 0.420185
28 0.347974 0.599038 0.421284
29 0.975844 0.587142 0.416127
30 1.62242 0.59179 0.381422
31 2.20326 0.634031 0.302391
0 -2.23778 2.58461 0.356418
1 -1.61854 2.5464 0.423148
2 -0.971864 2.58574 0.400342
3 -0.36621 2.60083 0.455137
4 0.304132 2.59639 0.459506
5 0.912283 2.56107 0.392451
6 1.55957 2.57519 0.389935
7 2.22559 2.5912 0.324182
8 -2.38235 2.04274 0.227424
9 -1.61017 1.93307 0.396532
10 -0.972236 1.93563 0.418898
11 -0.327647 1.91655 0.43732
12 0.322128 1.87859 0.440713
13 0.95326 1.89774 0.395948
14 1.56605 1.90563 0.372593
15 2.22222 1.89182 0.382639
16 -2.30316 1.36687 0.356648
17 -1.62991 1.30206 0.351971
18 -0.955363 1.31512 0.381728
19 -0.31017 1.28596 0.395845
20 0.327805 1.23756 0.39893
21 0.976714 1.25562 0.349267
22 1.62951 1.27701 0.34367
23 2.21936 1.23527 0.336234
24 -2.20617 0.611847 0.315454
25 -1.62195 0.661401 0.377439
26 -0.957325 0.645779 0.356123
27 -0.317148 0.626411 0.409155
28 0.351711 0.617012 0.375148
29 0.987634 0.630313 0.332191
30 1.59392 0.595472 0.321788
31 2.23161 0.601709 0.334431
