0 -2.71164 3.34379 -0.991526
1 -2.00461 3.34817 -0.909338
2 -1.27356 3.28973 -0.921744
3 -0.523925 3.28816 -0.936444
4 0.194058 3.28306 -0.919968
5 1.00188 3.27233 -0.908059
6 1.62034 3.30846 -0.940123
7 2.33036 3.28166 -1.01525
8 -2.64672 2.65147 -1.18195
9 -1.95129 2.64804 -1.14015
10 -1.25274 2.62747 -1.01386
11 -0.521729 2.63111 -1.03615
12 0.217088 2.59328 -1.01526
13 0.897784 2.57731 -1.02989
14 1.65616 2.59573 -1.03361
15 2.36741 2.58774 -1.04054
16 -2.64328 2.02949 -1.23205
17 -1.98982 1.95828 -1.08205
18 -1.24687 1.93651 -1.03421
19 -0.550062 1.9117 -1.00224
20 0.209394 1.86453 -1.03162
21 0.926676 1.86839 -1.03742
22 1.65233 1.89498 -1.02484
23 2.33943 1.89353 -1.14945
24 -2.70568 1.40546 -1.28802
25 -1.98912 1.30201 -1.1084
26 -1.25101 1.20403 -1.07954
27 -0.53711 1.21527 -1.1275
28 0.186073 1.21714 -1.17453
29 0.910185 1.1856 -1.127
30 1.60148 1.22433 -1.19327
31 2.28037 1.23689 -1.27304
