0 -4.31602e+08 -4.31602e+08 -4.31602e+08
1 -4.31602e+08 -4.31602e+08 -4.31602e+08
2 -4.31602e+08 -4.31602e+08 -4.31602e+08
3 -4.31602e+08 -4.31602e+08 -4.31602e+08
4 -4.31602e+08 -4.31602e+08 -4.31602e+08
5 -4.31602e+08 -4.31602e+08 -4.31602e+08
6 -4.31602e+08 -4.31602e+08 -4.31602e+08
7 -4.31602e+08 -4.31602e+08 -4.31602e+08
8 -4.31602e+08 -4.31602e+08 -4.31602e+08
9 -4.31602e+08 -4.31602e+08 -4.31602e+08
10 -4.31602e+08 -4.31602e+08 -4.31602e+08
11 -4.31602e+08 -4.31602e+08 -4.31602e+08
12 -4.31602e+08 -4.31602e+08 -4.31602e+08
13 -4.31602e+08 -4.31602e+08 -4.31602e+08
14 -4.31602e+08 -4.31602e+08 -4.31602e+08
15 -4.31602e+08 -4.31602e+08 -4.31602e+08
16 -4.31602e+08 -4.31602e+08 -4.31602e+08
17 -4.31602e+08 -4.31602e+08 -4.31602e+08
18 -4.31602e+08 -4.31602e+08 -4.31602e+08
19 -4.31602e+08 -4.31602e+08 -4.31602e+08
20 -4.31602e+08 -4.31602e+08 -4.31602e+08
21 -4.31602e+08 -4.31602e+08 -4.31602e+08
22 -4.31602e+08 -4.31602e+08 -4.31602e+08
23 -4.31602e+08 -4.31602e+08 -4.31602e+08
24 -4.31602e+08 -4.31602e+08 -4.31602e+08
25 -4.31602e+08 -4.31602e+08 -4.31602e+08
26 -4.31602e+08 -4.31602e+08 -4.31602e+08
27 -4.31602e+08 -4.31602e+08 -4.31602e+08
28 -4.31602e+08 -4.31602e+08 -4.31602e+08
29 -4.31602e+08 -4.31602e+08 -4.31602e+08
30 -4.31602e+08 -4.31602e+08 -4.31602e+08
31 -4.31602e+08 -4.31602e+08 -4.31602e+08
0 -4.31602e+08 -4.31602e+08 -4.31602e+08
1 -4.31602e+08 -4.31602e+08 -4.31602e+08
2 -4.31602e+08 -4.31602e+08 -4.31602e+08
3 -4.31602e+08 -4.31602e+08 -4.31602e+08
4 -4.31602e+08 -4.31602e+08 -4.31602e+08
5 -4.31602e+08 -4.31602e+08 -4.31602e+08
6 -4.31602e+08 -4.31602e+08 -4.31602e+08
7 -4.31602e+08 -4.31602e+08 -4.31602e+08
8 -4.31602e+08 -4.31602e+08 -4.31602e+08
9 -4.31602e+08 -4.31602e+08 -4.31602e+08
10 -4.31602e+08 -4.31602e+08 -4.31602e+08
11 -4.31602e+08 -4.31602e+08 -4.31602e+08
12 -4.31602e+08 -4.31602e+08 -4.31602e+08
13 -4.31602e+08 -4.31602e+08 -4.31602e+08
14 -4.31602e+08 -4.31602e+08 -4.31602e+08
15 -4.31602e+08 -4.31602e+08 -4.31602e+08
16 -4.31602e+08 -4.31602e+08 -4.31602e+08
17 -4.31602e+08 -4.31602e+08 -4.31602e+08
18 -4.31602e+08 -4.31602e+08 -4.31602e+08
19 -4.31602e+08 -4.31602e+08 -4.31602e+08
20 -4.31602e+08 -4.31602e+08 -4.31602e+08
21 -4.31602e+08 -4.31602e+08 -4.31602e+08
22 -4.31602e+08 -4.31602e+08 -4.31602e+08
23 -4.31602e+08 -4.31602e+08 -4.31602e+08
24 -4.31602e+08 -4.31602e+08 -4.31602e+08
25 -4.31602e+08 -4.31602e+08 -4.31602e+08
26 -4.31602e+08 -4.31602e+08 -4.31602e+08
27 -4.31602e+08 -4.31602e+08 -4.31602e+08
28 -4.31602e+08 -4.31602e+08 -4.31602e+08
29 -4.31602e+08 -4.31602e+08 -4.31602e+08
30 -4.31602e+08 -4.31602e+08 -4.31602e+08
31 -4.31602e+08 -4.31602e+08 -4.31602e+08
0 -2.0626 2.47882 1.31639
1 -1.4939 2.48514 1.32701
2 -0.918906 2.45551 1.38397
3 -0.292939 2.43732 1.4249
4 0.256507 2.4554 1.41157
5 0.832779 2.448 1.46902
6 1.39675 2.45837 1.46767
7 1.97716 2.41474 1.5939
8 -2.10389 1.89317 1.34724
9 -1.46866 1.87617 1.36395
10 -0.90382 1.85886 1.38623
11 -0.350043 1.87323 1.42457
12 0.24396 1.85055 1.46193
13 0.855874 1.8344 1.4703
14 1.44556 1.93451 1.46536
15 1.97701 1.73016 1.50231
16 -2.115 1.31906 1.36177
17 -1.47663 1.29937 1.33454
18 -0.92252 1.35321 1.36792
19 -0.328571 1.29569 1.41352
20 0.261154 1.27979 1.4651
21 0.828137 1.26493 1.46346
22 1.4118 1.21288 1.51733
23 1.84973 1.26821 1.67606
24 -2.0615 0.64624 1.33432
25 -1.48911 0.722545 1.34882
26 -0.901877 0.706455 1.37262
27 -0.329824 0.736627 1.38802
28 0.264283 0.70539 1.44289
29 0.88939 0.702502 1.45491
30 1.31922 0.739169 1.56524
31 1.51837 0.141019 1.14709
0 -2.13193 2.54975 1.31839
1 -1.5313 2.51376 1.35274
2 -0.9277 2.48662 1.38284
3 -0.337826 2.46527 1.43674
4 0.247649 2.47303 1.47227
5 0.878978 2.54341 1.46888
6 1.40926 2.40431 1.59294
7 1.88949 2.46711 1.62048
8 -2.08327 1.9194 1.34356
9 -1.51123 1.90804 1.35706
10 -0.88727 1.89494 1.40013
11 -0.329518 1.8703 1.42051
12 0.248636 1.86929 1.45804
13 0.852369 1.88587 1.46959
14 1.40967 1.83785 1.50568
15 1.95684 1.81628 1.7141
16 -2.09694 1.32641 1.33815
17 -1.50698 1.31844 1.34793
18 -0.926551 1.29961 1.37979
19 -0.343036 1.28808 1.41695
20 0.268463 1.28613 1.4549
21 0.850645 1.27418 1.47663
22 1.42212 1.43656 1.42485
23 1.66815 1.02753 1.65539
24 -2.08709 0.679088 1.35728
25 -1.50412 0.708419 1.35243
26 -0.90921 0.709106 1.37906
27 -0.307646 0.69276 1.41258
28 0.268433 0.665404 1.45265
29 0.825543 0.862032 1.44753
30 1.26553 0.720344 1.52484
31 2.0079 -0.0248378 1.16847
