0.105759 1.56534 -3.61403 0.142904 1.60381 -3.29278
0.46303 1.77793 -2.84686 0.473873 1.98694 -2.55778
0.81389 1.82391 -2.71314 0.822196 2.03255 -2.37099
1.17941 1.74944 -2.80713 1.20588 1.94349 -2.40854
1.57839 1.70954 -3.10482 1.64074 1.82642 -2.69271
-0.46012 1.63838 -3.57106 -0.38977 1.69789 -3.27062
-0.151402 1.82054 -2.86069 -0.0878448 1.98559 -2.59305
0.203626 1.87859 -2.73292 0.255812 2.07462 -2.43497
0.555604 1.74651 -2.82969 0.59397 1.93528 -2.46337
0.94675 1.69934 -3.12561 1.07153 1.85052 -2.78096
0.411405 1.54797 -4.08377 0.499526 1.58016 -3.74719
0.870845 1.82302 -3.3634 0.934254 1.96502 -3.02539
1.21678 1.86647 -3.26964 1.31673 1.98023 -2.91492
1.561 1.77973 -3.38705 1.70204 1.85281 -3.01147
1.92046 1.74116 -3.71422 2.11132 1.76648 -3.36418
-0.187194 1.47971 -3.76812 -0.087899 1.52063 -3.47884
0.248277 1.66497 -3.08095 0.335741 1.82428 -2.76361
0.588435 1.7071 -2.994 0.698658 1.90985 -2.6394
0.967991 1.62821 -3.13239 1.088 1.781 -2.74705
1.33953 1.6138 -3.49645 1.5134 1.71034 -3.09806
-0.862087 1.51798 -3.81687 -0.865692 1.58387 -3.55681
-0.445359 1.68892 -3.11101 -0.416113 1.88575 -2.80425
-0.0844393 1.73194 -3.01268 -0.0320439 1.92058 -2.68265
0.271626 1.61673 -3.14027 0.324501 1.7512 -2.78761
0.647913 1.60003 -3.48742 0.752423 1.71104 -3.13468
-1.48445 1.5622 -3.85745 -1.496 1.64868 -3.63582
-1.09255 1.73439 -3.13192 -1.11611 1.94245 -2.88995
-0.737704 1.785 -3.02035 -0.75545 1.98994 -2.75261
-0.386506 1.65126 -3.13886 -0.391614 1.83019 -2.85189
0.00551155 1.61164 -3.47934 0.012384 1.71661 -3.21068
-1.83831 2.32858 -3.81758 -1.97169 2.34112 -3.73203
-1.44822 2.47065 -3.09375 -1.56257 2.59219 -2.96999
-1.09587 2.51975 -2.98573 -1.19859 2.65165 -2.86467
-0.749511 2.43789 -3.10741 -0.837555 2.5288 -2.95218
-0.358831 2.42028 -3.45584 -0.423852 2.4974 -3.30505
0.123855 1.92431 -3.68446 0.13961 2.06306 -3.41562
0.523444 2.1293 -3.05629 0.499116 2.37933 -2.769
0.874797 2.15527 -2.9821 0.894921 2.42426 -2.65407
1.21337 2.08107 -3.12677 1.273 2.30505 -2.7681
1.5594 2.06843 -3.46628 1.68763 2.23061 -3.14072
0.722507 1.67093 -3.70714 0.76009 1.72085 -3.35811
1.07412 1.88521 -3.0673 1.03445 2.08545 -2.70728
1.45122 1.9336 -2.9742 1.47565 2.15008 -2.58128
1.80898 1.86848 -3.10827 1.84956 2.03529 -2.69823
2.17497 1.85522 -3.44441 2.27296 1.91895 -3.03109
0.692542 2.33881 -3.94199 0.845166 2.35714 -3.65825
0.982343 2.48339 -3.24796 1.10903 2.63791 -3.00021
1.37227 2.51601 -3.11663 1.51724 2.64815 -2.8503
1.75629 2.43367 -3.23646 1.88131 2.50336 -2.92331
2.15329 2.44181 -3.56737 2.35313 2.46589 -3.23601
-0.703487 2.54851 -4.06654 -0.703779 2.69356 -3.98914
-0.383108 2.74464 -3.36567 -0.387846 3.01377 -3.29691
-0.0157179 2.77527 -3.2425 -0.0305224 3.04884 -3.0911
0.310567 2.64107 -3.35094 0.33607 2.90783 -3.17866
0.664363 2.63085 -3.63171 0.75438 2.86153 -3.47347
-0.836907 1.90569 -3.95304 -0.795705 1.9714 -3.77686
-0.48321 2.08979 -3.24869 -0.501997 2.32054 -3.04349
-0.106997 2.1246 -3.13604 -0.103422 2.36567 -2.91664
0.222926 2.00868 -3.25651 0.231399 2.22226 -2.97851
0.577573 1.99999 -3.55846 0.662399 2.18285 -3.31403
-1.57147 1.68261 -3.89614 -1.58071 1.71984 -3.68286
-1.25241 1.83132 -3.15848 -1.27149 2.04419 -2.99337
-0.887609 1.87207 -3.02287 -0.915018 2.1129 -2.73748
-0.555906 1.74834 -3.12923 -0.564658 1.93961 -2.85191
-0.171986 1.75267 -3.41793 -0.176079 1.83767 -3.18225
-1.90649 2.15479 -4.0052 -2.00091 2.12938 -3.8813
-1.60652 2.30311 -3.25711 -1.689 2.45508 -3.09628
-1.24652 2.34223 -3.11464 -1.32818 2.51433 -2.8703
-0.918809 2.23526 -3.21121 -0.97543 2.34563 -2.99982
-0.529147 2.24896 -3.49766 -0.56868 2.32835 -3.31381
-0.615719 2.6795 -4.1471 -0.620518 2.90945 -4.10776
-0.198226 2.90856 -3.46387 -0.200838 3.2572 -3.39758
0.116223 2.92784 -3.36732 0.134071 3.28491 -3.23512
0.423096 2.78728 -3.49523 0.465206 3.13308 -3.35168
0.7644 2.77484 -3.78572 0.879489 3.0881 -3.67147
-0.577174 2.0187 -4.09395 -0.56691 2.1229 -3.96139
-0.177555 2.24469 -3.39804 -0.226178 2.51259 -3.24277
0.143291 2.26816 -3.2965 0.126794 2.5414 -3.08103
0.456159 2.14035 -3.41683 0.443633 2.38726 -3.18402
0.803549 2.1426 -3.70501 0.884062 2.38347 -3.48282
-0.0337405 1.71365 -4.00959 -0.10729 1.7597 -3.80563
0.386779 1.88154 -3.3134 0.237772 2.07408 -3.06134
0.722562 1.90687 -3.22183 0.646054 2.1197 -2.95892
1.03953 1.80824 -3.35538 0.932524 1.96001 -3.01003
1.38352 1.83067 -3.66305 1.35944 1.94665 -3.33866
0.619332 1.69512 -3.90649 0.651919 1.75315 -3.62051
1.06305 1.83567 -3.25095 1.07118 1.9688 -2.94352
1.4172 1.88236 -3.18576 1.4377 2.02111 -2.82143
1.75498 1.79772 -3.35324 1.78273 1.91472 -2.95598
2.0677 1.83303 -3.70075 2.16004 1.8763 -3.2801
0.560601 2.35578 -4.0453 0.650554 2.34689 -3.79611
0.971892 2.42654 -3.36991 1.04014 2.53466 -3.11273
1.33494 2.45889 -3.29151 1.42749 2.55212 -2.9917
1.67966 2.37725 -3.45716 1.76625 2.37471 -3.13956
2.00042 2.44141 -3.79615 2.16996 2.39284 -3.50107
0.659031 1.69045 -4.1108 0.746167 1.70456 -3.86559
0.998869 1.83106 -3.46996 1.02986 1.94611 -3.14546
1.33157 1.86487 -3.37768 1.39872 1.97409 -3.01934
1.7015 1.79178 -3.51167 1.73845 1.81224 -3.12927
2.06687 1.81531 -3.84065 2.21037 1.81128 -3.45406
-0.0356529 1.57155 -4.16266 0.137652 1.58155 -3.89274
0.31355 1.70379 -3.50964 0.424445 1.8191 -3.24228
0.659693 1.71978 -3.414 0.802938 1.84537 -3.11502
1.0183 1.62597 -3.54475 1.14311 1.68467 -3.20162
1.38532 1.62237 -3.86621 1.5807 1.66596 -3.52671
-0.63318 1.49906 -4.1585 -0.576858 1.46555 -3.91247
-0.274923 1.60995 -3.48808 -0.275318 1.74143 -3.25119
0.070372 1.62491 -3.38867 0.0904357 1.74088 -3.1062
0.414806 1.49719 -3.5157 0.479652 1.59652 -3.21565
0.783429 1.47957 -3.82898 0.825438 1.49167 -3.5079
-1.25659 1.50696 -4.13462 -1.2317 1.5186 -3.91139
-0.909809 1.70266 -3.46881 -0.915575 1.81532 -3.3121
-0.570955 1.73156 -3.3621 -0.561031 1.85237 -3.10759
-0.236721 1.57621 -3.45764 -0.227263 1.66153 -3.19837
0.147599 1.49251 -3.76225 0.183166 1.50371 -3.53997
-1.93182 1.40567 -4.05688 -1.94183 1.40954 -3.85134
-1.60571 1.60984 -3.38711 -1.66534 1.76219 -3.21671
-1.26588 1.63934 -3.26726 -1.33259 1.79009 -3.06642
-0.935932 1.50479 -3.35173 -0.98418 1.62256 -3.11234
-0.538128 1.40721 -3.64623 -0.556926 1.48043 -3.42816
-2.12171 2.08162 -4.131 -2.23028 2.08743 -4.01025
-1.66961 2.26095 -3.39101 -1.80685 2.38363 -3.32625
-1.34134 2.28088 -3.28807 -1.43417 2.46485 -3.12684
-1.02577 2.14979 -3.38508 -1.12805 2.27899 -3.1727
-0.648461 2.06087 -3.70609 -0.703685 2.08727 -3.60036
-2.06274 2.82602 -4.1221 -2.20779 2.85201 -4.10595
-1.61976 2.97023 -3.3903 -1.74152 3.15199 -3.37624
-1.29572 3.01243 -3.29294 -1.38852 3.20605 -3.15888
-0.979297 2.87819 -3.40618 -1.09114 2.99022 -3.32955
-0.610193 2.84841 -3.73079 -0.656703 2.92811 -3.66211
-0.93634 2.85623 -4.17218 -0.937556 3.18588 -4.12178
-0.541404 3.0619 -3.48364 -0.5512 0.816107 -7.59297
-0.202798 3.08969 -3.38776 -0.166603 3.50807 -3.3465
0.120657 3.00007 -3.50781 0.163431 3.38979 -3.37677
0.469397 2.99427 -3.81697 0.599662 3.35429 -3.72692
-1.04091 1.94575 -4.22076 -1.08555 2.04091 -4.08796
-0.65797 2.13035 -3.49821 -0.691975 2.3473 -3.33839
-0.327852 2.15087 -3.38405 -0.376511 2.3802 -3.1914
-0.000445982 2.04176 -3.4855 -0.0033959 2.25821 -3.25538
0.369547 2.01636 -3.7738 0.429774 2.20222 -3.56789
