0.467775 1.11664 -3.75404 -0.02 -0.02 -0.02
0.970408 1.36782 -2.99219 0.458096 1.15838 -3.45336
1.3948 1.42954 -2.91288 0.960293 1.50045 -2.66711
1.6608 1.35867 -3.04372 1.45877 1.60162 -2.505
1.94576 1.37789 -3.351 2.01255 1.43327 -2.96016
0.25274 1.7662 -3.61586 0.265194 1.73302 -3.30296
0.662546 1.93337 -2.86038 0.688142 2.03831 -2.58882
1.02734 1.97315 -2.75326 1.059 2.06955 -2.42868
1.3643 1.88904 -2.8813 1.4197 1.94548 -2.5636
1.75926 1.89871 -3.23421 1.85529 1.88211 -2.87122
-0.233131 1.54798 -3.86366 -0.177092 1.58971 -3.6421
0.178128 1.6702 -3.15604 0.200424 1.89237 -2.91417
0.555869 1.6641 -3.06549 0.596549 1.94934 -2.73489
0.87147 1.57908 -3.22058 0.923372 1.76722 -2.89169
1.24199 1.56471 -3.56082 1.35883 1.67309 -3.21513
-0.876331 1.49452 -3.82191 -0.939219 1.5492 -3.59122
-0.469859 1.63164 -3.05096 -0.511549 1.83771 -2.82982
-0.0743986 1.65479 -2.93958 -0.138273 1.83683 -2.64845
0.242178 1.49714 -3.08074 0.24532 1.67336 -2.78142
0.604527 1.43821 -3.40955 0.670289 1.56489 -3.08334
-1.75592 2.36515 -4.09693 -1.82835 2.48719 -4.04261
-1.42172 2.59644 -3.28636 -1.49435 2.85107 -3.27078
-1.01473 2.61705 -3.13361 -1.06509 2.92037 -3.05144
-0.686407 2.49334 -3.23128 -0.720019 2.75574 -3.15954
-0.28031 2.38829 -3.54133 -0.27938 2.63425 -3.4408
-1.7705 1.80344 -4.05555 -1.85824 1.83919 -3.95167
-1.32811 1.98658 -3.22695 -1.44338 2.17953 -3.12812
-0.919337 1.974 -3.10576 -1.03823 2.20467 -2.93984
-0.633848 1.84685 -3.22422 -0.727009 2.02735 -3.02751
-0.255507 1.76993 -3.55002 -0.343532 1.86807 -3.36814
-1.22521 1.48195 -4.13902 -1.3284 1.44756 -3.9338
-0.775255 1.63287 -3.32929 -0.939849 1.7024 -3.1863
-0.378482 1.59628 -3.20406 -0.544099 1.73763 -2.99265
-0.122761 1.46547 -3.30643 -0.261009 1.56143 -3.10515
0.274237 1.37698 -3.62562 0.143415 1.44734 -3.4154
-0.407056 1.43292 -4.02782 -0.535034 1.42907 -3.80105
-0.0918142 1.62311 -3.22485 -0.254459 1.72642 -3.02139
0.270465 1.59971 -3.06131 0.0802823 1.78799 -2.79694
0.585687 1.49241 -3.13699 0.44685 1.63788 -2.86644
1.01073 1.42714 -3.41178 0.941261 1.57611 -3.11486
0.200883 1.40369 -3.90109 0.131347 1.44489 -3.64278
0.513263 1.55606 -3.114 0.39766 1.7034 -2.84949
0.883163 1.54702 -2.96282 0.786014 1.75312 -2.62927
1.20096 1.45735 -3.05505 1.13072 1.62127 -2.69878
1.63129 1.43479 -3.34628 1.61209 1.52357 -2.9837
-2.53404 2.90437 -4.21737 -2.58432 2.99381 -4.32933
-2.00154 2.98024 -3.38311 -2.09236 3.28688 -3.52274
-1.64724 2.97197 -3.27538 -1.749 3.34032 -3.34113
-1.45423 2.8568 -3.38795 -1.52328 3.17449 -3.48459
-1.02366 2.76029 -3.70397 -1.07944 3.07782 -3.75816
-2.61401 2.26649 -4.36912 -2.65663 2.31704 -4.38811
-2.1346 2.37081 -3.5508 -2.25502 2.53545 -3.61652
-1.80839 2.35875 -3.42553 -1.91689 2.60011 -3.39412
-1.61337 2.20631 -3.52041 -1.68708 2.38494 -3.52907
-1.18197 2.13393 -3.80277 -1.30461 2.24747 -3.81181
-2.58594 1.597 -4.48482 -2.64003 1.58334 -4.34898
-2.15989 1.71669 -3.66985 -2.2725 1.85117 -3.57391
-1.85236 1.72984 -3.52855 -1.96119 1.87732 -3.41042
-1.6189 1.57955 -3.61234 -1.68579 1.70516 -3.48944
-1.19322 1.52453 -3.88537 -1.30984 1.54785 -3.78316
-2.07245 1.35197 -4.18934 -2.17049 1.375 -4.11483
-1.66825 1.47976 -3.42981 -1.80151 1.56484 -3.3364
-1.33579 1.50677 -3.29111 -1.44834 1.64892 -3.17505
-1.07496 1.38772 -3.38294 -1.2257 1.49129 -3.25162
-0.647278 1.31186 -3.67075 -0.756118 1.39865 -3.52784
-1.38637 1.18592 -4.12668 -1.44837 1.17231 -3.93261
-1.05087 1.35635 -3.33284 -1.2014 1.4821 -3.19733
-0.684419 1.4169 -3.16787 -0.809154 1.57838 -2.93557
-0.393324 1.32567 -3.23873 -0.498905 1.4351 -3.03368
0.0386151 1.25352 -3.50281 -0.0236877 1.36157 -3.29843
-0.775137 1.14498 -4.07661 -0.859888 1.1093 -3.84275
-0.463638 1.36331 -3.29854 -0.579108 1.45356 -3.05794
-0.0644588 1.40093 -3.13514 -0.222006 1.56697 -2.86776
0.243608 1.31034 -3.20924 0.117894 1.42298 -2.96541
0.672053 1.22691 -3.48859 0.599152 1.32769 -3.20372
-0.161779 1.10168 -3.91713 -0.235818 1.11967 -3.6206
0.190654 1.29502 -3.14191 0.084972 1.42413 -2.86975
0.582511 1.33 -3.00423 0.464299 1.5545 -2.64258
0.886106 1.25399 -3.10448 0.81729 1.40681 -2.77394
1.31076 1.22754 -3.41662 1.28012 1.30205 -3.06625
0.227265 1.75964 -4.00818 0.250657 1.71785 -3.77503
0.504294 1.90184 -3.21376 0.520674 1.97672 -3.0543
0.883072 1.949 -3.05154 0.857619 2.0504 -2.81375
1.2084 1.83039 -3.1368 1.23514 1.93065 -2.90331
1.67689 1.82557 -3.4461 1.73418 1.86917 -3.13987
0.218952 2.47096 -4.01394 0.302198 2.46852 -3.87358
0.504441 2.60604 -3.23218 0.577741 2.72393 -3.17467
0.855893 2.61486 -3.0792 0.919215 2.78442 -2.93745
1.17543 2.52267 -3.16803 1.26368 2.67417 -3.02125
1.63367 2.50994 -3.47347 1.75644 2.60459 -3.25245
-0.984882 2.72842 -4.06514 -0.98186 2.85667 -4.11814
-0.67025 2.88715 -3.3229 -0.706523 3.11338 -3.39599
-0.299235 2.8916 -3.18105 -0.309161 3.19093 -3.17005
-0.0148552 2.77852 -3.27718 0.00514232 3.02985 -3.29256
0.385303 2.71556 -3.55011 0.444854 2.98209 -3.47792
-1.07105 2.08175 -4.08874 -1.07846 2.11032 -3.97424
-0.746431 2.22341 -3.33841 -0.812373 2.43023 -3.24565
-0.387187 2.23001 -3.19823 -0.452096 2.48452 -3.01639
-0.105292 2.1104 -3.29941 -0.126429 2.33483 -3.11027
0.284963 2.06054 -3.56911 0.331847 2.25375 -3.37003
-1.19663 1.4504 -4.06792 -1.2124 1.46831 -3.88726
-0.82474 1.62467 -3.32703 -0.866549 1.76899 -3.14596
-0.462845 1.64215 -3.20392 -0.480558 1.81184 -3.00555
-0.187941 1.53343 -3.30981 -0.211905 1.64013 -3.09692
0.210286 1.48563 -3.60286 0.239032 1.57294 -3.36586
-1.85688 1.52403 -3.91857 -1.81967 1.5134 -3.72423
-1.44882 1.62927 -3.18702 -1.50137 1.7731 -3.0643
-1.07082 1.60049 -3.07153 -1.12409 1.78951 -2.93053
-0.824904 1.46491 -3.18637 -0.847462 1.6287 -3.0291
-0.416057 1.37405 -3.50901 -0.451021 1.51079 -3.33683
-1.94786 2.10815 -4.02233 -2.06086 2.11042 -3.9261
-1.53193 2.21951 -3.30262 -1.68193 2.34279 -3.23605
-1.16734 2.2198 -3.19777 -1.31588 2.39234 -3.07597
-0.938952 2.11221 -3.31129 -1.02257 2.22311 -3.22924
-0.55961 2.05839 -3.63318 -0.683258 2.08837 -3.54994
-1.8993 2.78816 -4.03139 -1.99846 2.81167 -4.04018
-1.50694 2.9531 -3.3207 -1.62729 3.06069 -3.3732
-1.13821 2.96737 -3.21366 -1.25637 3.12748 -3.18837
-0.916547 2.84961 -3.31839 -1.00766 2.9703 -3.3255
-0.528987 2.77172 -3.63654 -0.582638 2.88762 -3.63241
-0.78384 2.48496 -3.96504 -0.772 2.72313 -3.88523
-0.412337 2.61854 -3.27091 -0.43148 2.98314 -3.23757
-0.0969329 2.65157 -3.15884 -0.105105 3.01844 -3.08012
0.202927 2.5173 -3.27034 0.203882 2.8513 -3.19861
0.571674 2.44965 -3.56581 0.644139 2.78539 -3.4443
-0.845285 1.65995 -4.03924 -0.903604 1.79158 -3.87198
-0.541905 1.8312 -3.33422 -0.618465 2.07899 -3.18217
-0.229596 1.8535 -3.19876 -0.30076 2.15618 -2.94394
0.082206 1.75269 -3.28571 0.0220744 1.98118 -3.06929
0.474869 1.70421 -3.54831 0.466381 1.9064 -3.30912
-0.378814 1.302 -3.95716 -0.514865 1.34866 -3.71173
-0.0336764 1.42972 -3.25567 -0.211156 1.57771 -3.03155
0.289861 1.4454 -3.1345 0.127542 1.6493 -2.83783
0.5942 1.33796 -3.24295 0.460961 1.47398 -2.96297
0.97864 1.30288 -3.52904 0.90415 1.41477 -3.21309
0.200646 2.75952 -4.12077 -0.02 -0.02 -0.02
0.603731 2.83919 -3.25968 0.267842 2.79186 -4.03914
1.00348 2.85794 -3.11863 0.683259 3.06776 -3.19709
1.31927 2.76865 -3.23407 1.40373 2.82435 -3.37364
1.75213 2.78026 -3.55721 1.93799 2.95902 -3.41446
-0.701465 2.71916 -4.23571 -0.669535 2.86486 -4.25614
-0.340307 2.87622 -3.45873 -0.367887 3.13791 -3.46041
0.0462844 2.87027 -3.32255 0.0320032 3.21868 -3.24866
0.368532 2.76796 -3.42983 0.390042 3.06544 -3.36429
0.775275 2.70247 -3.73124 0.859429 2.98027 -3.6334
-0.74955 2.07963 -4.18869 -0.749557 2.12344 -4.09138
-0.366264 2.19413 -3.41887 -0.385642 2.36886 -3.28945
0.0202158 2.21154 -3.29272 -0.00873031 2.45915 -3.08399
0.338986 2.12048 -3.41021 0.336792 2.28917 -3.2006
0.73549 2.08683 -3.71349 0.811694 2.22442 -3.49526
-1.03955 1.55553 -4.10926 -0.997378 1.54117 -3.91132
-0.622576 1.6185 -3.38626 -0.657137 1.74673 -3.22766
-0.222447 1.65138 -3.29306 -0.269533 1.81108 -3.06531
0.0576712 1.51827 -3.44399 0.0403545 1.61483 -3.20072
0.440639 1.50151 -3.78312 0.495402 1.56563 -3.50566
