0.223251 1.46267 -3.6691 -0.10522 1.20594 -2.92317
0.751407 1.78314 -2.91133 0 0 0
1.24453 1.80137 -2.83798 0.433238 1.74773 -2.22591
1.47842 1.68203 -2.9571 1.02118 1.75879 -2.09588
1.84675 1.64978 -3.33138 1.57881 1.47013 -2.61061
-0.0726257 1.41557 -3.8483 -0.348058 1.22388 -3.05729
0.363878 1.70995 -3.08194 0.10138 1.71557 -2.37869
0.728604 1.73198 -2.96492 0.464052 1.73119 -2.23977
1.10979 1.60783 -3.07735 0.847693 1.4955 -2.36361
1.52732 1.56354 -3.44349 1.30188 1.42439 -2.71087
-0.518277 1.20643 -3.89912 -0.84648 1.01478 -3.09335
-0.0654167 1.50083 -3.12557 -0.373381 1.4693 -2.44029
0.294147 1.5006 -3.00645 0.0116885 1.47939 -2.28709
0.65514 1.34116 -3.11623 0.387287 1.23733 -2.40755
1.06869 1.29422 -3.46773 0.836225 1.16027 -2.71768
-0.984872 1.0803 -3.97923 -1.31278 0.840043 -3.15899
-0.519259 1.36903 -3.18026 -0.826155 1.27501 -2.50687
-0.153674 1.3656 -3.0566 -0.444154 1.3343 -2.2779
0.19648 1.18895 -3.16281 -0.115442 1.04085 -2.45032
0.614649 1.13269 -3.50883 0.365708 0.971994 -2.75348
-1.46606 1.09541 -4.18886 -1.79844 0.751733 -3.34988
-0.998206 1.36384 -3.34899 -1.35508 1.20337 -2.66131
-0.61543 1.35512 -3.20983 -0.921157 1.23291 -2.48448
-0.261459 1.15636 -3.30081 -0.613053 0.956486 -2.60932
0.178328 1.05055 -3.64907 -0.178031 0.809053 -2.92733
-1.53222 1.71354 -4.2337 -1.94485 1.3086 -3.56669
-1.05072 1.97739 -3.41976 -1.45558 1.75403 -2.81819
-0.650253 1.98544 -3.3012 -1.05566 1.83457 -2.65715
-0.291118 1.7908 -3.41442 -0.717948 1.54881 -2.82234
0.11723 1.69733 -3.79133 -0.262193 1.40492 -3.15355
-1.66946 2.15485 -4.10084 -2.00726 1.90043 -3.50762
-1.11544 2.49487 -3.37151 -1.44844 2.38011 -2.83397
-0.702436 2.50778 -3.30112 -1.03526 2.42049 -2.74218
-0.371604 2.3038 -3.44393 -0.745029 2.14475 -2.93534
-0.018258 2.22202 -3.85376 -0.32144 2.03877 -3.26406
-2.03028 1.79941 -4.2488 -2.43538 1.61085 -3.60282
-1.44996 2.14489 -3.52046 -1.82911 2.05703 -2.94532
-1.00025 2.15229 -3.46305 -1.38584 2.13425 -2.83915
-0.716349 1.94593 -3.60395 -1.13189 1.84892 -3.02721
-0.367004 1.87022 -4.01269 -0.722023 1.69854 -3.42293
-2.05609 1.18634 -4.28297 -2.47195 0.959132 -3.53944
-1.4817 1.51651 -3.54276 -1.91758 1.472 -2.89475
-1.03615 1.5158 -3.47566 -1.45899 1.50831 -2.77815
-0.765022 1.34618 -3.60974 -1.16628 1.2674 -2.9332
-0.40077 1.26482 -4.00514 -0.79707 1.10046 -3.33144
-1.87257 1.90685 -4.25356 -2.30158 1.51034 -3.58335
-1.32226 2.22722 -3.52134 -1.79462 1.9654 -3.06649
-0.898382 2.22681 -3.44438 -1.31977 2.00713 -2.90747
-0.610089 2.03809 -3.57149 -1.05709 1.7765 -3.034
-0.238623 1.9649 -3.97067 -0.616904 1.65221 -3.39829
-1.77279 2.36645 -4.19778 -2.22984 2.07504 -3.64577
-1.24918 2.69258 -3.47924 -1.69139 2.57655 -2.99505
-0.83441 2.68058 -3.40053 -1.27225 2.62506 -2.83962
-0.548988 2.5182 -3.53034 -1.01717 2.38195 -3.08411
-0.182493 2.42956 -3.92479 -0.574668 2.29094 -3.42079
-1.32581 2.43484 -4.10745 -1.81762 2.21388 -3.60633
-0.802514 2.80181 -3.42756 -1.27869 2.74027 -3.00282
-0.393788 2.78512 -3.35841 -0.877796 2.78645 -2.86881
-0.105977 2.6237 -3.49455 -0.61154 2.54202 -3.05597
0.243522 2.52844 -3.89059 -0.203126 2.43691 -3.41913
-1.19887 1.89829 -4.28025 -1.55977 1.72275 -3.68497
-0.764497 2.29207 -3.54775 -1.09565 2.28482 -3.03247
-0.363288 2.30005 -3.43625 -0.707107 2.37749 -2.85523
-0.0408451 2.14641 -3.54212 -0.419025 2.13723 -3.01062
0.354619 2.05224 -3.89552 0.0472883 1.99412 -3.3649
-1.21021 1.12332 -4.40357 -1.5935 0.763409 -3.6279
-0.800273 1.48508 -3.63312 -1.2208 1.32607 -2.98704
-0.409232 1.52492 -3.50684 -0.802806 1.39667 -2.77542
-0.0725008 1.39972 -3.60218 -0.476391 1.19933 -2.90833
0.35175 1.33611 -3.93749 -0.0217426 1.10618 -3.23255
-0.654267 1.44973 -4.39636 -1.06851 1.02544 -3.69928
-0.217568 1.80996 -3.64435 -0.612971 1.50318 -3.08122
0.182638 1.83105 -3.53477 -0.232216 1.61078 -2.88926
0.51513 1.70068 -3.65413 0.0811003 1.39829 -3.0481
0.919863 1.66644 -4.02066 0.552718 1.29614 -3.4015
-0.0113964 2.07714 -4.21906 -0.416917 1.86088 -3.67913
0.438418 2.46561 -3.54168 0 0 0
0.822724 2.48776 -3.4583 0.0279147 2.43301 -3.04331
1.14955 2.35335 -3.58869 0.591702 2.38524 -3.00658
1.52804 2.29757 -3.9757 1.19376 2.075 -3.45321
0.0986837 1.62738 -4.17876 -0.239837 1.41018 -3.53009
0.495755 2.0317 -3.50172 0 0 0
0.870569 2.05779 -3.40278 0.202632 1.9838 -2.88373
1.21006 1.95258 -3.52427 0.767467 1.91308 -2.93674
1.60856 1.89963 -3.89162 1.35181 1.66346 -3.26837
0.373433 0.948671 -4.15204 0 0 0
0.777881 1.2644 -3.43278 0.0145529 0.621254 -3.37111
1.18042 1.31836 -3.33512 0.407385 1.12494 -2.68757
1.51938 1.20582 -3.47094 0.986142 1.04985 -2.67029
1.91825 1.1876 -3.83847 1.61344 0.91375 -3.05095
0.61342 1.81293 -4.14022 0 0 0
0.979249 2.08488 -3.38943 0.337442 1.406 -3.45992
1.39151 2.12356 -3.26846 0.742241 1.8662 -2.83253
1.73605 1.98744 -3.39077 1.27615 1.87738 -2.65727
2.15281 1.97671 -3.75575 1.93366 1.59479 -3.10727
0.548536 2.195 -4.15837 0 0 0
0.906621 2.49696 -3.42138 0.296641 1.89533 -3.58419
1.33176 2.52673 -3.30081 0.688774 2.38409 -2.89271
1.66529 2.37899 -3.42263 1.27394 2.40075 -2.76566
2.0815 2.38779 -3.7965 1.91339 2.0625 -3.22005
0.0957606 2.04493 -4.37196 -0.224438 1.74605 -3.78796
0.363428 2.38685 -3.6508 0.109343 2.25795 -3.13144
0.70338 2.40505 -3.50327 0.432811 2.35004 -2.95389
1.10138 2.24991 -3.58328 0.870449 2.12577 -3.09513
1.54882 2.23042 -3.91203 1.34242 1.99869 -3.38998
-0.00831309 1.66618 -4.23342 -0.296972 1.43142 -3.60935
0.315234 1.96905 -3.54726 0.0288196 1.91842 -2.99621
0.663916 1.98554 -3.43326 0.405843 1.97149 -2.83189
1.05294 1.84175 -3.54452 0.79639 1.74055 -2.95826
1.47291 1.78017 -3.90294 1.25292 1.61859 -3.26716
-0.30944 1.26452 -4.19588 -0.611534 1.00905 -3.4414
0.0514006 1.56659 -3.51703 -0.232868 1.46635 -2.83512
0.427573 1.58066 -3.41186 0.156354 1.51974 -2.70494
0.786602 1.40859 -3.53017 0.512013 1.27149 -2.84477
1.20095 1.33488 -3.89697 0.948524 1.11501 -3.18061
-0.940284 1.03206 -4.37809 -1.20909 0.719995 -3.59349
-0.537712 1.30067 -3.67514 -0.773026 1.13551 -2.965
-0.132325 1.31682 -3.57528 -0.406208 1.17238 -2.84869
0.192994 1.12662 -3.70002 -0.0737773 0.89996 -2.99832
0.6 1.06781 -4.07261 0.344944 0.790689 -3.31396
-1.23925 1.43541 -4.43451 -1.65608 0.984867 -3.76831
-0.842616 1.64135 -3.69372 -1.2214 1.33132 -3.09177
-0.442055 1.64718 -3.57971 -0.836317 1.31698 -3.01619
-0.113944 1.47451 -3.70539 -0.506014 1.14715 -3.0618
0.290311 1.44495 -4.06634 -0.0772936 1.05511 -3.42058
-1.26351 1.87361 -4.46733 -1.61758 1.42316 -3.80881
-0.861587 2.1056 -3.72425 -1.25003 1.82308 -3.21733
-0.466367 2.10325 -3.61132 -0.843746 1.86259 -3.07978
-0.140509 1.92913 -3.73372 -0.513496 1.65172 -3.18285
0.261337 1.88554 -4.09756 -0.057959 1.54756 -3.53519
-1.73871 1.59248 -4.64919 -1.84976 1.9756 -3.34373
-1.43735 1.9826 -3.93403 -1.33489 2.00124 -3.14217
-0.993242 1.98313 -3.76652 -1.04977 1.7299 -3.29237
-0.673312 1.80499 -3.82977 -0.559763 1.60932 -3.54538
-0.239723 1.69329 -4.14008 0 0 0
-1.84266 1.11105 -4.71547 -2.01814 1.22396 -3.45373
-1.52329 1.45983 -3.96556 -1.44869 1.34661 -3.12255
-1.05879 1.44387 -3.80322 -1.17317 1.07637 -3.19405
-0.743787 1.27068 -3.89185 -0.732564 0.949291 -3.52288
-0.309461 1.18766 -4.22159 0 0 0
-0.771919 1.01799 -4.6513 -1.16256 0.54972 -3.85405
-0.557491 1.2662 -3.83036 -0.982862 1.02131 -3.19875
-0.157942 1.31513 -3.62394 -0.574798 1.16439 -2.85577
0.196264 1.17928 -3.67063 -0.247339 0.924611 -2.97745
0.677601 1.13772 -3.94433 0.283839 0.870596 -3.19789
-0.646472 1.37939 -4.50775 -1.05839 0.86816 -3.83083
-0.337392 1.64512 -3.72204 -0.779626 1.33768 -3.12912
0.0877327 1.68979 -3.56822 -0.372951 1.42268 -2.98178
0.427852 1.56758 -3.65744 -0.0380745 1.23217 -3.02772
0.86707 1.53191 -3.99234 0.46619 1.11631 -3.36252
-0.618191 1.80706 -4.40903 -0.953803 1.41335 -3.73565
-0.277639 2.14269 -3.67652 -0.60302 1.89212 -3.16343
0.145389 2.16963 -3.54714 -0.195867 1.98266 -2.95108
0.472001 2.02297 -3.64544 0.146103 1.77474 -3.10102
0.880266 1.97295 -3.99828 0.596279 1.64791 -3.45263
-0.564577 2.31953 -4.341 -0.951533 1.98856 -3.86028
-0.212491 2.65978 -3.63854 -0.580692 2.48221 -3.20537
0.202604 2.66687 -3.51371 -0.142407 2.59312 -3.01518
0.520195 2.50943 -3.61294 0.173645 2.33531 -3.16125
0.913093 2.454 -3.96497 0.626376 2.1892 -3.46863
-0.150318 2.00585 -4.23815 -0.506508 1.81377 -3.65408
0.141668 2.3954 -3.54843 -0.161615 2.36536 -3.05264
0.545849 2.42628 -3.40915 0.224292 2.45037 -2.83735
0.862395 2.28024 -3.48683 0.548183 2.23416 -2.97155
1.27633 2.21534 -3.8063 1.01344 2.07651 -3.2728
-0.0503995 1.48048 -4.33772 -0.431932 1.32128 -3.67536
0.231588 1.84419 -3.62385 -0.102045 1.81085 -3.01829
0.640417 1.88226 -3.47922 0.296089 1.90879 -2.80988
0.967967 1.76206 -3.56566 0.635327 1.71102 -2.96521
1.3933 1.72784 -3.88602 1.09646 1.59513 -3.24336
0.553341 1.09988 -4.16057 0 0 0
0.88079 1.39401 -3.43751 0.182017 0.751573 -3.3951
1.31042 1.4641 -3.31992 0.542537 1.22279 -2.78489
1.63891 1.34777 -3.43474 1.09789 1.24296 -2.64839
2.04537 1.32988 -3.78385 1.73525 1.03202 -3.03456
0.586493 1.84275 -4.22846 0 0 0
0.901036 2.11611 -3.49336 0.308013 1.40122 -3.61594
1.33486 2.16836 -3.36433 0.653831 1.84972 -2.89173
1.67241 2.05372 -3.47763 1.24028 1.84168 -2.77419
2.09434 2.04788 -3.83952 1.84732 1.58779 -3.16018
-0.70794 2.43374 -4.31345 -0.92112 2.12407 -3.8304
-0.311881 2.72127 -3.59916 -0.508054 2.61438 -3.1624
0.139989 2.71517 -3.49728 0 0 0
0.410665 2.54002 -3.61889 0.0904882 2.58357 -3.10071
0.788723 2.48748 -3.98018 0.661754 2.28786 -3.53241
-1.26872 2.40112 -4.28962 -1.53575 2.17248 -3.79951
-0.840824 2.71784 -3.57422 -1.07386 2.62973 -3.17056
-0.385851 2.69959 -3.47368 -0.632806 2.66691 -3.02044
-0.123276 2.50569 -3.58999 -0.388323 2.41142 -3.16773
0.249391 2.43888 -3.94954 0.0644117 2.29332 -3.52399
-1.93413 2.44379 -4.43044 -1.99432 2.57716 -3.40309
-1.51604 2.78719 -3.70247 -1.39146 2.72572 -3.09701
-1.06467 2.76845 -3.58464 -1.1373 2.45392 -3.26961
-0.802025 2.57459 -3.68352 -0.70704 2.35976 -3.60462
-0.410129 2.48392 -4.03038 0 0 0
-1.99024 1.20619 -4.29309 -2.44574 0.803216 -3.49051
-1.48339 1.5139 -3.52562 -1.96219 1.22874 -2.92397
-1.06241 1.5077 -3.42051 -1.3864 1.17573 -2.80518
-0.802728 1.37885 -3.52081 -0.834025 0.950235 -3.26289
-0.396154 1.2836 -3.88713 0 0 0
-1.94494 1.73105 -4.26496 -2.38838 1.3375 -3.53676
-1.49672 1.98407 -3.50436 -1.96693 1.74225 -2.98182
-1.11024 1.974 -3.38855 -1.54591 1.81444 -2.75971
-0.731947 1.82109 -3.51519 -1.18785 1.57442 -2.92656
-0.341651 1.73237 -3.90246 -0.768805 1.45194 -3.24651
-1.87751 2.2166 -4.19165 -2.33848 1.89651 -3.6188
-1.41344 2.48729 -3.44939 -1.85412 2.32008 -2.94929
-1.02875 2.49176 -3.34634 -1.4662 2.37336 -2.84171
-0.660733 2.3282 -3.47216 -1.13629 2.12521 -3.00423
-0.28369 2.20805 -3.85997 -0.701331 1.99507 -3.36541
-1.81835 2.77176 -4.13541 -2.28608 2.56471 -3.64564
-1.35746 3.07798 -3.42445 -1.76525 3.01797 -3.00324
-0.96398 3.05219 -3.32322 -1.37057 3.0848 -2.85756
-0.620115 2.89245 -3.44891 -1.06932 2.82721 -3.06037
-0.255153 2.7551 -3.83093 -0.639045 2.69782 -3.42195
-1.86258 2.172 -4.14601 -2.30222 2.10198 -3.55816
-1.42753 2.52401 -3.43445 -1.81267 2.59544 -2.94846
-1.03184 2.52249 -3.33219 -1.40527 2.6515 -2.78573
-0.684876 2.36846 -3.45433 -1.09258 2.39293 -2.97669
-0.310313 2.2736 -3.83075 -0.686152 2.23506 -3.33445
-1.98991 1.52907 -4.25035 -2.41016 1.34636 -3.55279
-1.56745 1.8485 -3.50457 -1.99208 1.87313 -2.9155
-1.16322 1.85101 -3.3926 -1.53006 1.92832 -2.75231
-0.816585 1.70556 -3.51326 -1.25128 1.68581 -2.88385
-0.426685 1.63976 -3.88129 -0.814751 1.5647 -3.24983
-1.96923 1.13095 -4.23958 -2.38817 0.921679 -3.42892
-1.56031 1.42683 -3.47828 -1.97819 1.32664 -2.79481
-1.15744 1.42537 -3.35335 -1.54892 1.40964 -2.62375
-0.816075 1.29815 -3.46209 -1.25308 1.14639 -2.78958
-0.408209 1.21716 -3.81636 -0.773976 1.07684 -3.10369
-0.0332935 0.812937 -3.91262 -0.454258 0.609049 -3.07015
0.484173 1.06556 -3.25562 0 0 0
0.930683 1.05416 -3.21547 0.0452939 0.936105 -2.53053
1.20629 0.904775 -3.37924 0.628472 0.869753 -2.44995
1.53876 0.817902 -3.79749 1.1725 0.572757 -2.97157
0.437941 1.06704 -4.06507 0.087371 0.782367 -3.27556
0.73823 1.33128 -3.33282 0.418951 1.1977 -2.64697
1.10992 1.38966 -3.20345 0.769014 1.27793 -2.48577
1.5128 1.23918 -3.30443 1.18712 1.06517 -2.59916
1.93942 1.21158 -3.66165 1.61353 0.920662 -2.89607
0.450435 1.50616 -4.12484 0.159477 1.0932 -3.3842
0.760559 1.75783 -3.40195 0.464069 1.50868 -2.75569
1.12507 1.77739 -3.27183 0.845017 1.54434 -2.60477
1.52829 1.6251 -3.38168 1.24573 1.33502 -2.70866
1.96104 1.60651 -3.75881 1.66186 1.2028 -3.03476
0.426022 1.92211 -4.14696 0.122433 1.5107 -3.54957
0.745722 2.15032 -3.43262 0.458478 1.90666 -2.8767
1.11649 2.18566 -3.31325 0.871305 1.94682 -2.77347
1.51209 2.05673 -3.43217 1.21567 1.7592 -2.85492
1.93832 2.04619 -3.8208 1.69393 1.63417 -3.25279
0.0837103 2.36147 -4.26858 -0.128637 2.08758 -3.73171
0.450145 2.59724 -3.5896 0 0 0
0.841044 2.5967 -3.49637 0.267243 2.47892 -3.15832
1.17823 2.45915 -3.63561 0.823568 2.46763 -3.02774
1.5785 2.43059 -4.03783 1.41182 2.11243 -3.54107
-0.298348 2.29818 -4.30815 -0.564337 2.0412 -3.82031
0.0579537 2.55609 -3.62931 -0.147421 2.46612 -3.17417
0.445489 2.54452 -3.52923 0.261713 2.51401 -3.04107
0.769414 2.38764 -3.66083 0.601147 2.26296 -3.22471
1.15909 2.34724 -4.03392 1.01937 2.14398 -3.5805
-0.744111 2.24727 -4.28958 -1.04757 1.95997 -3.75447
-0.385904 2.52458 -3.60423 -0.676494 2.41202 -3.16805
0.00686215 2.51705 -3.49822 -0.284659 2.45274 -3.01982
0.328523 2.33827 -3.62143 0.0451082 2.21714 -3.15504
0.71422 2.27 -3.98041 0.478408 2.09873 -3.4998
-0.955437 1.67206 -4.29605 -1.28771 1.50024 -3.66859
-0.602627 1.95158 -3.60445 -0.951347 1.99897 -3.09566
-0.198378 1.94999 -3.4981 -0.508377 2.06116 -2.8909
0.120738 1.79542 -3.62123 -0.167952 1.84681 -3.04873
0.504294 1.71677 -3.97209 0.239568 1.71728 -3.37627
-0.990994 1.20389 -4.37124 -1.3934 0.936729 -3.5615
-0.654972 1.46415 -3.65864 -0.999661 1.34837 -2.98758
-0.24516 1.47646 -3.54252 -0.608236 1.43153 -2.80528
0.0751297 1.31383 -3.6622 -0.309609 1.19698 -2.95238
0.469967 1.25537 -4.00497 0.121439 1.05173 -3.26022
0.277429 1.46852 -4.00262 -0.0752355 1.19211 -3.28956
0.842545 1.72247 -3.24271 0 0 0
1.32885 1.75517 -3.18445 0.558474 1.63095 -2.60552
1.60542 1.68517 -3.33422 1.12722 1.65929 -2.48468
1.91691 1.66255 -3.70135 1.68095 1.40142 -3.00445
-0.197501 1.46175 -4.10351 -0.493173 1.17225 -3.40359
0.387761 1.7319 -3.37551 0 0 0
0.858665 1.73984 -3.32579 0.156129 1.59768 -2.73506
1.14017 1.64612 -3.48164 0.731408 1.65074 -2.62737
1.44843 1.60597 -3.86159 1.26393 1.33104 -3.18223
-0.61968 1.42972 -4.17317 -0.96814 1.18257 -3.44305
-0.0897562 1.6898 -3.41124 -0.390074 1.5871 -2.78607
0.32835 1.6933 -3.32349 0.0279468 1.64027 -2.65578
0.668981 1.56696 -3.46616 0.406247 1.40112 -2.81176
1.01741 1.51248 -3.8356 0.760545 1.25372 -3.14111
-1.07564 1.34493 -4.18313 -1.43677 1.09912 -3.47796
-0.51226 1.57558 -3.42874 -0.849011 1.48414 -2.79927
-0.0836939 1.5668 -3.35396 -0.448924 1.5018 -2.66143
0.248119 1.4186 -3.51068 -0.0697962 1.28878 -2.80866
0.584176 1.35448 -3.8959 0.261147 1.0908 -3.17907
-1.54917 1.22755 -4.34335 -1.96902 0.93604 -3.53848
-1.06129 1.47248 -3.53976 -1.43161 1.32413 -2.86143
-0.642285 1.46716 -3.42037 -1.01725 1.37555 -2.67358
-0.286958 1.30721 -3.53699 -0.639857 1.13645 -2.81827
0.0903182 1.22351 -3.88923 -0.252449 1.00503 -3.16744
-1.6646 1.75374 -4.39614 -2.12505 1.30179 -3.75561
-1.1774 1.97264 -3.588 -1.59533 1.6977 -3.04873
-0.766415 1.9626 -3.46923 -1.16464 1.75078 -2.88442
-0.411205 1.79926 -3.59162 -0.804013 1.54197 -2.99991
-0.0372948 1.74552 -3.94814 -0.443467 1.41493 -3.30611
-1.51869 2.18065 -4.33034 -1.99825 1.8065 -3.75215
-1.01942 2.41535 -3.54991 -1.50747 2.23927 -3.08753
-0.611887 2.3974 -3.44246 -1.06908 2.31082 -2.88773
-0.266312 2.24917 -3.57183 -0.744363 2.07522 -3.03428
0.0921153 2.18883 -3.93372 -0.331457 1.97092 -3.44317
-1.09939 2.27886 -4.25858 -1.62116 2.02238 -3.70837
-0.601626 2.54347 -3.50419 -1.11225 2.44835 -3.02881
-0.19597 2.52077 -3.40571 -0.676889 2.47144 -2.90518
0.148188 2.37731 -3.54355 -0.352282 2.25501 -3.01661
0.492509 2.32193 -3.90817 0.0806241 2.18241 -3.39706
-0.649498 1.815 -4.25955 -1.03609 1.60963 -3.62482
-0.169807 2.13716 -3.53202 -0.531499 2.0604 -2.98109
0.229339 2.14507 -3.44 -0.128659 2.09623 -2.85291
0.568365 2.01421 -3.57534 0.239152 1.89734 -2.97367
0.918257 1.97944 -3.93395 0.652667 1.80656 -3.37843
-0.603584 1.13645 -4.27303 -1.01524 0.885306 -3.51151
-0.15011 1.44099 -3.50932 -0.546429 1.35653 -2.8107
0.249397 1.45339 -3.39736 -0.147934 1.39121 -2.65926
0.601199 1.35376 -3.51986 0.211852 1.19989 -2.78405
0.975439 1.3186 -3.86115 0.643801 1.12279 -3.12812
0.0748087 0.969457 -4.3278 -0.365667 0.666273 -3.51963
0.426795 1.21703 -3.4638 0.0465715 1.08377 -2.80158
0.82758 1.2702 -3.30211 0.416149 1.14555 -2.57394
1.18968 1.18625 -3.38966 0.823844 1.0038 -2.66845
1.61536 1.18567 -3.69682 1.21333 0.878815 -2.9531
0.488723 1.18679 -4.36162 0.147995 0.749565 -3.56391
0.800838 1.44931 -3.50068 0.497735 1.18866 -2.8347
1.21097 1.49829 -3.32254 0.912005 1.2844 -2.61379
1.56827 1.38803 -3.39625 1.30186 1.09952 -2.70802
2.00114 1.39644 -3.69972 1.73375 1.04248 -2.96084
0.440202 1.76663 -4.39759 0.1645 1.31827 -3.73039
0.766148 2.02553 -3.55725 0.501998 1.80449 -2.98094
1.17161 2.06292 -3.39012 0.897479 1.83976 -2.79582
1.52155 1.97312 -3.4744 1.26997 1.6801 -2.84684
1.94373 2.00698 -3.79116 1.74838 1.62533 -3.19147
0.193682 2.21989 -4.38185 -0.0592154 1.87498 -3.85651
0.568262 2.49734 -3.57001 0.313774 2.39411 -3.09058
0.976526 2.53039 -3.42821 0.743775 2.47146 -2.88254
1.30714 2.43625 -3.52928 1.11832 2.30549 -3.03213
1.70452 2.46616 -3.86247 1.52381 2.23778 -3.3359
-0.289054 2.09087 -4.42319 -0.595198 1.81754 -3.87128
0.119731 2.39333 -3.63111 -0.149063 2.2797 -3.15433
0.550559 2.43707 -3.50723 0.293189 2.37051 -2.9761
0.869158 2.28703 -3.61558 0.644257 2.15355 -3.10991
1.26696 2.27435 -3.96377 1.06208 1.99448 -3.44438
-0.779056 1.77943 -4.43884 -1.12626 1.47505 -3.80243
-0.35364 2.03928 -3.62978 -0.641122 1.94074 -3.06471
0.0701054 2.05948 -3.50343 -0.242284 2.01125 -2.92098
0.386621 1.91969 -3.61361 0.094894 1.78921 -3.01811
0.786808 1.87209 -3.95028 0.554928 1.68147 -3.3912
-1.04526 1.43539 -4.4572 -1.39151 1.17658 -3.77963
-0.617586 1.68082 -3.63946 -0.922215 1.57865 -3.03074
-0.19331 1.70087 -3.51189 -0.474732 1.66238 -2.88272
0.128462 1.5669 -3.62404 -0.170756 1.46027 -2.96779
0.528782 1.52524 -3.95825 0.261399 1.33872 -3.31089
-1.44287 1.17965 -4.5702 -1.81792 0.87001 -3.83182
-1.02919 1.38976 -3.71111 -1.38821 1.28671 -3.0454
-0.612168 1.42095 -3.5687 -0.921593 1.32931 -2.89816
-0.284104 1.29543 -3.6714 -0.621189 1.11932 -2.97904
0.13709 1.26548 -3.99488 -0.166757 1.02093 -3.31181
-1.84773 1.05469 -4.65668 -2.25491 0.68175 -3.83365
-1.47249 1.23437 -3.786 -1.87641 1.06159 -3.09558
-1.05471 1.24441 -3.61764 -1.41899 1.13353 -2.86202
-0.727332 1.11923 -3.70183 -1.0976 0.933172 -2.97067
-0.285618 1.07074 -4.00591 -0.641246 0.838764 -3.27157
-1.89698 1.62102 -4.6211 -2.31812 1.14262 -3.95412
-1.53081 1.84697 -3.78113 -1.95829 1.55889 -3.21277
-1.10619 1.85265 -3.61184 -1.505 1.64692 -2.98776
-0.777992 1.73293 -3.69111 -1.2061 1.43744 -3.05759
-0.344753 1.65513 -3.99633 -0.734561 1.33349 -3.36474
-1.83596 2.28764 -4.44838 -1.9937 2.34696 -3.2807
-1.38711 2.57429 -3.66899 -1.41334 2.50276 -3.01244
-0.960345 2.58171 -3.54898 -1.10897 2.28012 -3.10925
-0.652081 2.43309 -3.65073 -0.683825 2.1808 -3.45284
-0.278403 2.35149 -3.98998 0 0 0
-1.45429 2.62364 -4.27609 -1.98646 2.38377 -3.80992
-0.994995 2.97219 -3.55856 -1.48876 2.88542 -3.13662
-0.519161 2.97995 -3.46223 -1.01526 2.99702 -3.00342
-0.245639 2.81851 -3.57178 -0.752275 2.74811 -3.16554
0.102667 2.7526 -3.92664 -0.32024 2.65067 -3.54411
-0.930309 2.10511 -4.19821 -1.33148 1.94708 -3.63436
-0.446069 2.50899 -3.51135 -0.814931 2.46761 -3.02772
0.0217272 2.49488 -3.43281 -0.339898 2.54445 -2.93267
0.294365 2.36414 -3.56267 -0.0507632 2.33702 -3.01492
0.634606 2.29235 -3.92941 0.35175 2.19943 -3.42877
-0.92776 1.65429 -4.28287 -1.30379 1.44291 -3.62678
-0.451332 2.04504 -3.56291 -0.790948 1.9977 -2.98173
0.00712208 2.0646 -3.47528 -0.350073 2.068 -2.8832
0.290206 1.93003 -3.59772 -0.0689039 1.83261 -2.99588
0.651983 1.86913 -3.95544 0.360689 1.72442 -3.36873
-0.859021 1.21593 -4.29829 -1.27178 1.00719 -3.54234
-0.398077 1.59402 -3.56244 -0.778184 1.50807 -2.9026
0.0574713 1.61495 -3.46334 -0.341755 1.57293 -2.77853
0.349437 1.48707 -3.58265 -0.0369899 1.35884 -2.89121
0.719284 1.43357 -3.93107 0.38448 1.26894 -3.26246
-0.556644 0.974164 -4.20977 -0.980297 0.704877 -3.43822
-0.0684074 1.3119 -3.44887 -0.515917 1.17273 -2.74695
0.390918 1.34525 -3.35507 -0.0681749 1.24515 -2.6269
0.687547 1.22156 -3.48474 0.263249 1.03508 -2.74172
1.05795 1.17285 -3.84052 0.684896 0.951576 -3.10504
-0.122314 0.884792 -4.16645 -0.581845 0.612942 -3.33271
0.36155 1.20648 -3.40499 -0.0858679 1.08142 -2.66442
0.814893 1.26149 -3.32449 0 0 0
1.10844 1.14238 -3.46632 0.522472 1.02335 -2.63355
1.47158 1.12173 -3.83643 1.10345 0.88306 -3.03463
0.430086 0.861148 -4.3743 0.0342415 0.544571 -3.55685
0.685946 1.21161 -3.52745 0.335897 1.01782 -2.85712
1.11709 1.2962 -3.33748 0.775197 1.16311 -2.61725
1.43536 1.18039 -3.39786 1.0723 0.974126 -2.65268
1.8895 1.18564 -3.67981 1.5642 0.927833 -2.91121
0.582168 1.41544 -4.33252 0 0 0
1.00198 1.73786 -3.57325 0.297036 1.02607 -3.62033
1.47666 1.76149 -3.46366 0.708456 1.48482 -2.92422
1.77037 1.59109 -3.5805 1.30846 1.48613 -2.77768
2.15801 1.56892 -3.95402 1.92684 1.13916 -3.22743
0.44601 1.90255 -4.2955 0 0 0
0.877252 2.20799 -3.54378 0.143718 1.48605 -3.70634
1.34585 2.26663 -3.45523 0.612318 1.94758 -3.01171
1.6454 2.12136 -3.58906 1.20312 2.0156 -2.83269
2.0188 2.13828 -3.98045 1.81634 1.67948 -3.42412
0.557531 1.32959 -4.17324 0 0 0
0.931458 1.66785 -3.40781 0.161617 1.0247 -3.44972
1.401 1.75299 -3.27374 0.643533 1.49316 -2.7701
1.72541 1.65905 -3.36725 1.22278 1.60067 -2.55544
2.13518 1.58849 -3.69868 1.81653 1.23299 -3.05081
-0.0349582 1.26234 -4.61187 -0.317876 0.937763 -3.8905
0.43514 1.56467 -3.81869 0 0 0
0.941429 1.6479 -3.71137 0.222518 1.36737 -3.21286
1.26055 1.50501 -3.82909 0.94696 1.171 -3.33497
1.64933 1.41187 -4.19702 1.3567 1.05655 -3.56858
-0.545225 1.30941 -4.67374 -0.813012 0.919518 -3.93742
-0.052557 1.59815 -3.88702 -0.285201 1.36853 -3.28143
0.448662 1.64066 -3.78929 0 0 0
0.744842 1.46131 -3.90527 0.284844 1.44304 -3.07189
1.11975 1.39668 -4.26657 0.859075 1.09129 -3.63236
-1.10775 1.28395 -4.6705 -1.39948 0.901121 -3.90499
-0.623976 1.54111 -3.87187 -0.911756 1.3688 -3.23628
-0.146218 1.56176 -3.76283 -0.44366 1.4139 -3.03374
0.141161 1.39755 -3.87266 -0.180985 1.16052 -3.22747
0.520847 1.33285 -4.21645 0.219807 1.05433 -3.5674
-1.60712 1.26499 -4.81832 -1.92597 0.817808 -4.01925
-1.11921 1.49157 -3.955 -1.4366 1.24266 -3.36174
-0.640557 1.50222 -3.82302 -0.986239 1.32296 -3.1213
-0.352501 1.34129 -3.92479 -0.719441 1.07582 -3.26171
0.0498495 1.26318 -4.2573 -0.285692 0.97517 -3.57061
-1.69709 1.23713 -5.20641 -2.08857 0.782489 -4.43085
-1.18361 1.44662 -4.34157 -1.59763 1.16767 -3.76357
-0.70818 1.47214 -4.22234 -1.14204 1.23488 -3.53882
-0.42415 1.2669 -4.33482 -0.853424 1.01211 -3.63556
-0.0298473 1.20744 -4.68335 -0.462549 0.850598 -3.98006
-1.70829 1.12436 -5.66376 -2.05953 0.592302 -4.86203
-1.19325 1.37921 -4.78815 -1.56615 0.983066 -4.20905
-0.700783 1.414 -4.66859 -1.08467 1.06262 -3.97953
-0.420477 1.15099 -4.77445 -0.816301 0.802735 -4.11317
-0.00877478 1.08634 -5.14198 -0.387441 0.661435 -4.43444
-1.70509 1.12227 -6.1065 -2.06028 0.500968 -5.34577
-1.16393 1.38417 -5.20553 -1.57369 0.940634 -4.68482
-0.667943 1.41864 -5.09842 -1.09632 1.00987 -4.50645
-0.38567 1.16876 -5.22364 -0.826392 0.759937 -4.63404
0.0123836 1.09861 -5.61757 -0.462804 0.525437 -5.03034
-1.14404 1.0871 -5.97983 -1.56188 0.536104 -5.19457
-0.685246 1.31797 -5.07174 -1.09738 0.91091 -4.46515
-0.216703 1.34029 -4.92795 -0.584907 0.91203 -4.34117
0.061088 1.0962 -5.02026 -0.302866 0.710255 -4.47172
0.491571 1.04447 -5.37241 0.0615792 0.564034 -4.75639
0.123403 1.32073 -4.94705 -0.107679 0.884963 -4.28147
0.653755 1.61508 -4.24578 0 0 0
1.12679 1.65185 -4.19304 0.460737 1.27243 -3.64939
1.3958 1.47717 -4.33117 1.06383 1.25232 -3.57074
1.76261 1.40238 -4.74525 1.58428 0.901201 -4.09757
-0.736996 1.23754 -4.88386 -0.965858 0.759857 -4.15832
-0.237441 1.48492 -4.10371 -0.4809 1.19245 -3.50493
0.223657 1.51887 -4.01422 -0.021887 1.21631 -3.33641
0.497335 1.31188 -4.14549 0.292276 1.05927 -3.5134
0.900963 1.27283 -4.52497 0.659707 0.901486 -3.84855
-1.2171 1.12886 -4.83414 -1.52479 0.751293 -4.08581
-0.714074 1.37093 -4.02742 -1.0271 1.12823 -3.44814
-0.254833 1.39912 -3.92834 -0.570365 1.16093 -3.22768
0.0306961 1.17009 -4.05726 -0.279357 0.94347 -3.38387
0.433647 1.14346 -4.42484 0.130873 0.824279 -3.7169
-1.64622 1.05745 -4.8911 -1.92403 0.6187 -4.08327
-1.16565 1.27088 -4.04795 -1.46679 1.05735 -3.42178
-0.711033 1.27258 -3.9206 -1.0154 1.06831 -3.20109
-0.413834 1.01944 -4.04033 -0.738819 0.823355 -3.33133
4.38439e-06 0.970911 -4.3853 -0.313988 0.690559 -3.66845
-2.02802 0.991953 -5.05453 -2.38763 0.504453 -4.22639
-1.58592 1.19923 -4.18824 -1.97188 0.91188 -3.53696
-1.13096 1.17685 -4.03573 -1.52368 0.951247 -3.28608
-0.821271 0.942134 -4.14897 -1.23931 0.704552 -3.4154
-0.406062 0.890259 -4.47766 -0.791276 0.564179 -3.73716
-2.05328 1.43578 -5.02285 -2.46645 0.837309 -4.31276
-1.63055 1.63618 -4.1711 -2.06666 1.24733 -3.57941
-1.17986 1.61468 -4.01562 -1.6383 1.2755 -3.40186
-0.877757 1.44572 -4.11567 -1.31216 1.05141 -3.47524
-0.455772 1.35754 -4.4434 -0.915576 0.921803 -3.80273
-1.97827 1.91151 -4.91634 -2.42002 1.43149 -4.3229
-1.53103 2.10232 -4.09168 -1.96796 1.8491 -3.59359
-1.08211 2.11566 -3.96173 -1.53397 1.91385 -3.41283
-0.780845 1.96077 -4.076 -1.20513 1.72022 -3.50241
-0.378186 1.9035 -4.41911 -0.795189 1.57884 -3.90292
-1.93379 2.33317 -4.8569 -2.3455 1.90422 -4.31376
-1.38435 2.54459 -4.06987 -1.80367 2.31431 -3.67106
-0.936978 2.5485 -3.98766 -1.34232 2.40263 -3.46885
-0.667002 2.39363 -4.11834 -1.08243 2.16208 -3.61277
-0.305186 2.3259 -4.49195 -0.69213 2.02069 -4.0246
-1.85637 2.75632 -4.88361 -2.3141 2.25077 -4.45273
-1.31835 2.97543 -4.09906 -1.75132 2.75226 -3.75669
-0.872899 2.97858 -4.01368 -1.29468 2.82593 -3.52404
-0.606157 2.81095 -4.14002 -1.00174 2.5907 -3.75006
-0.244691 2.74126 -4.50908 -0.62694 2.4425 -4.12429
-1.054 3.05182 -4.90105 -1.59101 2.74355 -4.63546
-0.642386 3.22807 -4.09943 -1.15543 3.06632 -3.8897
-0.207835 3.21938 -3.97229 -0.699016 3.15477 -3.60828
0.0753411 3.06875 -4.09057 -0.392905 2.92654 -3.79272
0.465417 3.02331 -4.42307 0.0697108 2.7452 -4.33054
-0.557108 3.00613 -4.81533 -0.992017 2.70559 -4.54732
-0.122924 3.17835 -4.03102 -0.519701 3.08216 -3.76221
0.31937 3.18299 -3.92128 -0.0519161 3.16984 -3.58232
0.602383 3.03474 -4.0626 0.216583 2.92118 -3.8012
0.989568 3.02786 -4.41245 0.684183 2.80668 -4.22733
0.327916 3.02052 -4.64348 0 0 0
0.804254 3.20853 -3.9118 0.014432 2.74117 -4.3737
1.23789 3.22833 -3.83817 0.503926 3.14763 -3.68377
1.52321 3.10998 -3.9945 1.08427 3.19912 -3.47331
1.8916 3.09314 -4.37434 1.65371 2.8531 -4.08212
0.764086 2.23647 -4.54982 0 0 0
1.16877 2.50886 -3.83772 0.5008 1.89721 -4.00424
1.5993 2.55639 -3.73929 0.974934 2.38005 -3.3889
1.91444 2.42106 -3.86601 1.5119 2.42116 -3.16159
2.32581 2.3429 -4.23062 2.16626 1.96352 -3.75636
0.858282 1.7054 -4.57853 0.611207 1.32658 -3.93867
1.15707 1.91719 -3.81613 0.933531 1.75781 -3.26191
1.52915 1.96352 -3.66798 1.29839 1.81337 -3.06494
1.88809 1.8263 -3.75186 1.66967 1.60963 -3.13782
2.39059 1.76756 -4.07687 2.18132 1.53171 -3.45881
0.787273 1.25142 -4.46357 0.51481 0.847259 -3.69514
1.11216 1.48491 -3.72886 0.816887 1.2558 -3.02896
1.51253 1.53797 -3.59144 1.23352 1.35586 -2.833
1.87032 1.38517 -3.68271 1.59778 1.1367 -2.94298
2.33631 1.29587 -4.01489 2.07073 0.998306 -3.28845
-0.296428 1.12825 -4.33706 -0.591576 0.823084 -3.56903
0.0872554 1.40893 -3.60596 -0.139711 1.19689 -2.95234
0.524603 1.43342 -3.48013 0.275447 1.24886 -2.74213
0.836357 1.25223 -3.58057 0.544832 0.953286 -2.89076
1.27921 1.14157 -3.92559 1.02108 0.839604 -3.18141
-0.691277 1.41814 -4.42167 -1.00864 1.02341 -3.67554
-0.2893 1.55853 -3.65221 -0.620546 1.32284 -3.07593
0.144502 1.54779 -3.53012 -0.168445 1.36273 -2.82533
0.443553 1.34207 -3.65581 0.0824563 1.07175 -2.99906
0.878617 1.27384 -4.0174 0.563035 0.943229 -3.36109
-0.721474 1.79696 -4.4106 -1.06685 1.40672 -3.74345
-0.315217 1.9582 -3.64454 -0.644086 1.67349 -3.13779
0.112901 1.95099 -3.52607 -0.229224 1.75638 -2.87607
0.414368 1.7617 -3.64741 0.0638423 1.51009 -3.07356
0.839214 1.69547 -4.01206 0.512209 1.37165 -3.3737
-0.963739 2.10585 -4.4529 -1.33362 1.81323 -3.88031
-0.557857 2.33766 -3.7067 -0.880765 2.16776 -3.26469
-0.133998 2.35194 -3.59415 -0.445839 2.28254 -3.0086
0.166225 2.15963 -3.70344 -0.170354 1.99367 -3.21743
0.581388 2.08191 -4.06347 0.277143 1.84469 -3.51197
-1.34695 1.74357 -4.5648 -1.70728 1.44863 -3.89031
-0.948456 1.95495 -3.79555 -1.30041 1.82324 -3.21742
-0.513182 1.96588 -3.67132 -0.866436 1.88405 -3.01191
-0.223261 1.77453 -3.77244 -0.57855 1.64397 -3.14475
0.196687 1.67788 -4.1117 -0.14827 1.45455 -3.50838
-1.54341 1.40808 -4.76179 -1.92273 1.04002 -4.03547
-1.11912 1.56541 -3.97479 -1.51708 1.38244 -3.39076
-0.671168 1.56909 -3.85218 -1.04537 1.44404 -3.11772
-0.388879 1.40188 -3.95793 -0.735341 1.20091 -3.30557
0.038344 1.28627 -4.30447 -0.343062 1.02612 -3.62035
-1.66901 1.2551 -5.15415 -2.02537 0.783066 -4.34055
-1.25092 1.36778 -4.33744 -1.60935 1.1062 -3.69691
-0.783573 1.36955 -4.19944 -1.13498 1.16805 -3.45798
-0.514295 1.20434 -4.29917 -0.911087 0.938487 -3.60774
-0.0735413 1.08463 -4.63902 -0.441943 0.805569 -3.94479
-1.33078 1.03016 -5.44243 -1.76581 0.53751 -4.69699
-0.982198 1.18018 -4.63044 -1.38856 0.844386 -4.04471
-0.559056 1.22598 -4.47227 -0.987483 0.951483 -3.77321
-0.224665 1.06888 -4.5503 -0.68394 0.688965 -3.92809
0.228603 0.961249 -4.87055 -0.212756 0.573668 -4.20656
0.436516 1.22637 -4.52449 0 0 0
0.835931 1.5063 -3.84669 0.153152 0.753232 -3.83768
1.25092 1.56811 -3.76471 0.548989 1.13801 -3.27212
1.60183 1.40928 -3.88892 1.07815 1.18739 -3.02656
1.99405 1.31648 -4.27977 1.7068 0.835457 -3.60958
-0.537827 1.39256 -4.34836 -0.84985 1.06741 -3.63098
-0.125723 1.59712 -3.62281 -0.392266 1.40669 -3.01858
0.31681 1.6117 -3.52348 0.061946 1.42969 -2.82695
0.614497 1.39423 -3.65856 0.372404 1.21019 -3.00471
1.03888 1.34552 -4.04464 0.759703 1.00656 -3.34946
-1.07383 1.3399 -4.46675 -1.351 1.00024 -3.67455
-0.674404 1.53845 -3.70734 -0.945827 1.35352 -3.09224
-0.233503 1.54896 -3.58899 -0.499633 1.39064 -2.86282
0.059628 1.3272 -3.70903 -0.230049 1.10797 -3.07494
0.493093 1.27107 -4.07063 0.234196 1.01545 -3.41082
-1.58971 1.44087 -4.66683 -1.9767 1.00052 -3.91254
-1.2292 1.60541 -3.85845 -1.58636 1.36997 -3.21425
-0.791488 1.59246 -3.70259 -1.1534 1.40034 -3.02653
-0.496321 1.37014 -3.7968 -0.877686 1.14634 -3.12932
-0.0535654 1.28903 -4.12073 -0.410942 1.00208 -3.47166
-1.69119 1.85117 -4.65733 -2.05964 1.39173 -3.98464
-1.35557 2.00396 -3.85309 -1.74989 1.75049 -3.37127
-0.926449 1.99513 -3.69121 -1.2915 1.83517 -3.08785
-0.601826 1.80643 -3.78536 -0.980809 1.59427 -3.22025
-0.167944 1.74506 -4.10752 -0.527623 1.4637 -3.52458
-1.63548 2.25613 -4.59433 -1.92756 2.07996 -3.69369
-1.29197 2.46552 -3.82302 -1.33266 2.35133 -3.14711
-0.880819 2.46662 -3.678 -0.984489 2.11904 -3.27276
-0.541078 2.29412 -3.77342 -0.583744 1.98396 -3.58601
-0.123695 2.22015 -4.10796 0 0 0
-1.23713 2.31616 -4.48339 -1.74098 1.9546 -3.96681
-0.869054 2.55884 -3.74555 -1.38563 2.36299 -3.33452
-0.454819 2.55847 -3.62308 -0.951026 2.4642 -3.10519
-0.120982 2.39112 -3.73548 -0.582499 2.23165 -3.28734
0.271578 2.31794 -4.08675 -0.178398 2.10789 -3.59528
-0.751981 2.33708 -4.35947 -1.22029 2.01792 -3.85324
-0.342774 2.5884 -3.65396 -0.805966 2.46236 -3.20615
0.0730329 2.58067 -3.56039 -0.374502 2.54627 -3.0016
0.395798 2.42683 -3.69787 -0.0526257 2.28312 -3.2241
0.757216 2.36732 -4.06842 0.377093 2.1856 -3.57997
-0.204352 2.41364 -4.33069 -0.61502 2.16112 -3.83877
0.200027 2.66793 -3.63225 -0.146722 2.55505 -3.18748
0.608843 2.68418 -3.54378 0 0 0
0.925544 2.52146 -3.67945 0.522766 2.26147 -3.48441
1.2977 2.48278 -4.05226 0.997612 2.2237 -3.58891
0.311319 2.31071 -4.44896 -0.0225829 2.03426 -3.97518
0.618129 2.57361 -3.70336 0.336652 2.4582 -3.26056
1.00871 2.60043 -3.56209 0.744659 2.54236 -3.05615
1.3572 2.47567 -3.65657 1.09723 2.31138 -3.19382
1.7892 2.43922 -3.98515 1.55168 2.15147 -3.49387
0.300595 1.69699 -4.45888 -0.00421006 1.37525 -3.82864
0.56735 1.96836 -3.70847 0.331457 1.83417 -3.17793
0.957156 2.0279 -3.5531 0.696174 1.95629 -2.89176
1.30681 1.8919 -3.63101 1.03834 1.72556 -3.04089
1.76578 1.85484 -3.93582 1.51208 1.56166 -3.3275
0.0393925 1.42142 -4.45041 -0.194778 1.08323 -3.74133
0.368218 1.63854 -3.69919 0.149039 1.45782 -3.07975
0.779917 1.68143 -3.56392 0.536684 1.52412 -2.86583
1.11331 1.51441 -3.67036 0.895238 1.32486 -3.00905
1.56207 1.47704 -4.00605 1.35286 1.19464 -3.31356
-0.550518 1.24629 -4.58486 -0.843854 0.850514 -3.82145
-0.221955 1.44263 -3.8043 -0.491948 1.23788 -3.15534
0.195 1.47045 -3.65711 -0.0707287 1.31267 -2.91196
0.521066 1.27529 -3.75881 0.223658 1.03019 -3.07889
0.973741 1.23624 -4.08202 0.710395 0.951744 -3.37695
-1.045 1.14958 -4.71433 -1.37869 0.740518 -3.93285
-0.729558 1.32323 -3.90994 -1.03642 1.11529 -3.24872
-0.325782 1.32391 -3.74374 -0.636362 1.16542 -2.9809
-0.00224319 1.11707 -3.82774 -0.322871 0.919634 -3.11071
0.452334 1.04855 -4.12833 0.14374 0.807369 -3.36814
-1.62758 1.26603 -5.00289 -1.98869 0.734242 -4.24663
-1.27926 1.38774 -4.17988 -1.65787 1.07213 -3.55421
-0.861201 1.3876 -4.01405 -1.23961 1.13199 -3.3029
-0.5499 1.23169 -4.10135 -0.925382 0.937279 -3.41456
-0.0929534 1.13394 -4.41877 -0.471582 0.762275 -3.75188
-1.67649 1.68258 -4.97693 -1.92186 1.28598 -4.07565
-1.32891 1.88009 -4.18072 -1.32792 1.61203 -3.44489
-0.916151 1.88676 -4.02451 -1.03372 1.4103 -3.50751
-0.615269 1.75124 -4.11168 -0.572829 1.27889 -3.80006
-0.165956 1.65117 -4.43143 0 0 0
-1.58904 2.0375 -4.84673 -1.78945 1.95917 -3.78802
-1.23334 2.30321 -4.0808 -1.23064 2.14711 -3.36697
-0.8188 2.31422 -3.93507 -0.928291 1.91899 -3.50617
-0.515194 2.16112 -4.01777 -0.464483 1.7655 -3.82096
-0.0834147 2.06296 -4.34145 0 0 0
-1.32729 1.42699 -4.79294 -1.81468 1.11647 -4.12142
-0.914672 1.68796 -3.95286 -1.36578 1.63076 -3.37557
-0.496215 1.74024 -3.81537 -0.928854 1.74052 -3.16211
-0.206329 1.5859 -3.8999 -0.632002 1.51331 -3.30179
0.226353 1.52171 -4.21838 -0.207871 1.35859 -3.66123
-1.07341 1.17643 -4.69317 -1.51801 0.793395 -3.96097
-0.639533 1.39719 -3.86622 -1.09925 1.20064 -3.23747
-0.209445 1.44846 -3.73837 -0.650589 1.32384 -3.03116
0.0972632 1.304 -3.83898 -0.372177 1.14539 -3.15147
0.524883 1.23287 -4.18135 0.0516671 0.971389 -3.50065
-0.687612 0.9975 -4.6204 -1.13956 0.582485 -3.84882
-0.241313 1.20879 -3.81658 -0.693883 0.990202 -3.13691
0.196298 1.25018 -3.69868 -0.260651 1.08192 -2.94783
0.505762 1.10767 -3.81161 0.0137528 0.89652 -3.08709
0.920963 1.03335 -4.16807 0.443933 0.768678 -3.42684
-0.254314 0.913793 -4.539 -0.695788 0.523432 -3.74947
0.119274 1.14861 -3.72735 -0.353346 0.946137 -3.02287
0.545557 1.19106 -3.57969 0.0981253 1.01776 -2.85709
0.867982 1.05812 -3.66635 0.394834 0.864758 -2.92297
1.31348 0.962566 -3.99401 0.85773 0.718513 -3.26426
0.161596 1.05811 -4.64439 -0.2639 0.625916 -3.88324
0.462764 1.27111 -3.80254 0.102698 0.965847 -3.15793
0.881942 1.32886 -3.62469 0.507373 1.06137 -2.90293
1.23172 1.20542 -3.69304 0.812105 0.902483 -2.95436
1.71794 1.14328 -4.00834 1.29464 0.791779 -3.17864
0.236841 1.63978 -4.71377 -0.0636412 1.09144 -4.02883
0.548642 1.81204 -3.89622 0.295986 1.44636 -3.34547
0.975799 1.84915 -3.73188 0.704675 1.53319 -3.07452
1.30977 1.72317 -3.82507 0.987917 1.32285 -3.1892
1.78204 1.70708 -4.16539 1.53215 1.2345 -3.51597
0.169829 2.07265 -4.74489 -0.120775 1.64892 -4.16669
0.489879 2.25034 -3.92167 0.220741 2.00961 -3.47507
0.910844 2.26382 -3.75705 0.63755 2.09251 -3.17938
1.2292 2.12012 -3.84745 0.986729 1.90078 -3.34925
1.70377 2.10692 -4.18422 1.43058 1.74679 -3.6298
-0.973221 2.27067 -4.77828 -1.2609 1.9191 -4.2877
-0.563687 2.51111 -3.97633 -0.820135 2.34558 -3.54045
-0.123501 2.52869 -3.84899 -0.364889 2.40801 -3.32448
0.164361 2.32256 -3.95803 -0.0724197 2.14783 -3.49193
0.578061 2.28949 -4.30225 0.377374 2.0381 -3.85264
-1.46436 2.21664 -4.73628 -1.80245 1.85575 -4.18606
-1.02849 2.46466 -3.91141 -1.35505 2.29135 -3.47764
-0.586504 2.48199 -3.7839 -0.896374 2.38978 -3.24684
-0.298804 2.26752 -3.88454 -0.616722 2.11439 -3.42885
0.108551 2.20354 -4.22211 -0.165711 1.98677 -3.74607
-1.70967 1.36401 -4.93211 -2.12066 1.04808 -4.19832
-1.28622 1.5408 -4.07662 -1.6694 1.40077 -3.44582
-0.847759 1.54814 -3.93348 -1.23151 1.46013 -3.21689
-0.567138 1.34461 -4.03394 -0.932912 1.24077 -3.33809
-0.138463 1.28601 -4.3553 -0.516999 1.04824 -3.70007
-1.44549 1.02223 -4.90384 -1.91386 0.643334 -4.14167
-1.01916 1.20171 -4.04223 -1.48929 0.961418 -3.39342
-0.58455 1.22945 -3.89338 -1.04116 1.0689 -3.13345
-0.291697 1.05315 -3.97939 -0.769801 0.846971 -3.28726
0.152626 0.964093 -4.29947 -0.311775 0.712237 -3.62335
-2.15812 1.08612 -5.2489 -2.56833 0.586667 -4.46264
-1.77278 1.38952 -4.39868 -2.19835 0.978251 -3.85539
-1.30914 1.39185 -4.23775 -1.74473 1.05142 -3.59983
-1.03569 1.23077 -4.31062 -1.45774 0.855039 -3.6653
-0.588215 1.14119 -4.64735 -0.974172 0.71842 -4.03436
-1.51037 1.08688 -4.67536 -1.99211 0.731679 -3.91683
-1.06008 1.36049 -3.89103 -1.54971 1.13945 -3.25024
-0.62578 1.38741 -3.77393 -1.09779 1.2412 -3.0212
-0.341904 1.24883 -3.87396 -0.834145 1.04493 -3.15468
0.0733621 1.16461 -4.22864 -0.398153 0.893059 -3.52695
-0.865681 0.985303 -4.51295 -1.43799 0.676727 -3.78568
-0.384977 1.25101 -3.76437 -0.932812 1.05371 -3.10272
0.0567771 1.28728 -3.6742 -0.48094 1.12129 -2.93479
0.341825 1.14947 -3.79285 -0.165153 0.847402 -3.15158
0.736021 1.06617 -4.16867 0.182281 0.743653 -3.40221
0.834879 0.936007 -4.43167 0.461948 0.548277 -3.62677
1.07642 1.25265 -3.65623 0.726482 0.955482 -2.99386
1.49078 1.35816 -3.48405 1.09437 1.14155 -2.67374
1.84273 1.25472 -3.53638 1.47183 0.965616 -2.81804
2.31556 1.17526 -3.83353 1.87549 0.827359 -2.99369
0.799545 1.37315 -4.49056 0.484038 0.918299 -3.85749
1.02666 1.72521 -3.72823 0.785669 1.43588 -3.14736
1.4305 1.83968 -3.55463 1.16295 1.60011 -2.83829
1.78384 1.74867 -3.59886 1.53379 1.4399 -2.96829
2.25525 1.6808 -3.88633 1.98158 1.28565 -3.18074
0.809811 2.01593 -4.87742 0 0 0
1.09656 2.37342 -4.40633 0.511164 1.55177 -3.99045
1.34302 2.29686 -4.25144 0.845959 2.07646 -3.69183
1.51498 2.18403 -4.292 1.27738 2.10454 -3.36699
1.85498 1.98229 -4.43951 1.79131 1.72605 -3.70937
1.80205 1.51348 -4.58487 -0.089603 0.786884 -4.47849
1.47618 1.69454 -4.11359 0.422024 1.45625 -3.71315
1.12896 1.80522 -4.03871 0.827525 1.48898 -3.54935
0.721325 1.71651 -4.18301 1.17095 1.34778 -3.59885
0.754034 1.68125 -4.34939 1.57116 1.06914 -3.81312
0.417589 1.36885 -4.4839 0.0150603 0.91097 -3.78564
0.849046 1.75731 -3.72205 0.534413 1.56259 -3.0675
1.24449 1.83932 -3.60705 0.967275 1.6751 -2.98009
1.60121 1.76042 -3.69908 1.32114 1.51285 -3.02973
1.91479 1.70843 -3.98881 1.7321 1.37366 -3.35212
0.16085 0.973073 -4.27499 -0.22889 0.769198 -3.44977
0.645581 1.33083 -3.52531 0.373955 1.26334 -2.74983
1.03684 1.3833 -3.42498 0.763578 1.33741 -2.608
1.39137 1.2651 -3.53169 1.0833 1.13109 -2.70216
1.73906 1.15036 -3.87693 1.5055 0.937589 -3.0523
-1.059 0.858833 -4.44854 -1.45651 0.548241 -3.6041
-0.568012 1.19049 -3.63985 -0.911036 0.976774 -2.89192
-0.1682 1.23393 -3.52763 -0.438951 1.04789 -2.77118
0.162991 1.06695 -3.61038 -0.123437 0.849215 -2.81278
0.533889 0.928281 -3.95757 0.285459 0.679467 -3.14157
-1.46009 0.841768 -4.373 -1.93008 0.567438 -3.48973
-0.988035 1.13959 -3.53929 -1.37242 0.990009 -2.71775
-0.586674 1.17371 -3.41447 -0.959523 1.05653 -2.54926
-0.260006 1.00936 -3.49165 -0.604462 0.843236 -2.63971
0.1157 0.870559 -3.82752 -0.181344 0.661674 -2.98487
-1.63133 1.40348 -4.38738 -2.07341 0.943782 -3.65586
-1.12514 1.66445 -3.5126 -1.53374 1.34554 -2.88414
-0.704374 1.70435 -3.38372 -1.12318 1.4066 -2.74672
-0.375535 1.52696 -3.47537 -0.780308 1.24565 -2.78572
0.0549069 1.39324 -3.82675 -0.322963 1.02854 -3.16862
-1.55035 1.83102 -4.2994 -1.99706 1.47706 -3.64494
-1.04285 2.11059 -3.44981 -1.45837 1.88728 -2.90037
-0.630351 2.14889 -3.33104 -1.0468 1.99408 -2.68534
-0.299736 1.9808 -3.42579 -0.703938 1.78149 -2.81014
0.113825 1.83462 -3.78213 -0.258211 1.59916 -3.14358
-1.28732 2.23065 -4.38192 -1.74865 1.92716 -3.82763
-0.786013 2.57884 -3.56896 -1.23821 2.42448 -3.10673
-0.388028 2.63674 -3.45934 -0.818107 2.59103 -2.87816
-0.0519188 2.44435 -3.54291 -0.494185 2.33145 -3.04593
0.355888 2.30881 -3.89358 -0.0542894 2.15929 -3.37345
-0.859241 2.26497 -4.31379 -1.29026 1.92878 -3.79451
-0.321048 2.63176 -3.54286 -0.74111 2.50306 -3.08055
0.0753811 2.68861 -3.45763 -0.352159 2.64352 -2.92872
0.398277 2.49378 -3.56023 -0.0193009 2.41346 -3.06689
0.789757 2.38319 -3.93229 0.401277 2.24199 -3.42875
-0.298967 2.29816 -4.27467 -0.742321 1.97493 -3.76243
0.254983 2.62928 -3.53796 -0.190703 2.54134 -3.05561
0.652306 2.68993 -3.47398 0.240168 2.644 -2.95163
0.968612 2.51599 -3.60065 0.568347 2.38805 -3.09868
1.34159 2.41051 -3.99192 0.96297 2.1731 -3.43742
0.110892 2.37324 -4.21564 -0.288016 2.10025 -3.7158
0.699011 2.69422 -3.51985 0.356681 2.59757 -3.10815
1.09671 2.74602 -3.47594 0.766447 2.62766 -3.02222
1.41135 2.5964 -3.62479 1.09129 2.45935 -3.13659
1.77019 2.50093 -4.0442 1.48174 2.26284 -3.54176
0.361234 1.41441 -4.41937 0 0 0
0.985512 1.73558 -3.70196 0.0707264 1.10491 -3.61695
1.41333 1.79137 -3.66042 0.718013 1.54098 -3.04468
1.74188 1.63605 -3.82348 1.24819 1.65642 -2.89088
2.11154 1.49854 -4.26142 1.7981 1.12461 -3.50284
-0.202185 1.12408 -5.30936 -0.414004 0.647438 -4.54025
0.364494 1.45028 -4.52351 0.21044 1.09631 -3.94082
0.804915 1.52588 -4.45042 0.626368 1.16973 -3.80997
1.1309 1.31449 -4.57866 0.936951 0.948851 -3.90772
1.53393 1.18373 -5.00079 1.28488 0.703557 -4.27562
-0.607107 0.99681 -5.42692 -0.908676 0.534844 -4.69557
-0.0949095 1.33701 -4.60318 -0.32376 0.965508 -4.05248
0.32991 1.39459 -4.50437 0.0542927 1.02064 -3.91191
0.650952 1.17448 -4.6196 0.394991 0.81845 -3.98562
1.07291 1.05094 -5.01396 0.792369 0.640856 -4.31024
-1.60405 1.30343 -5.40276 -2.0274 0.61942 -4.83115
-1.15063 1.62585 -4.51766 -1.51619 1.14483 -3.92131
-0.731667 1.64407 -4.36533 -1.1197 1.23758 -3.76677
-0.411459 1.48829 -4.4372 -0.817844 1.01386 -3.84035
0.0233198 1.32771 -4.75943 -0.332508 0.787346 -4.18426
-1.59568 1.96432 -5.25506 -1.97854 1.41268 -4.73195
-1.13153 2.29811 -4.42494 -1.55205 1.86732 -3.98835
-0.734993 2.35599 -4.29964 -1.09327 2.03922 -3.73998
-0.406078 2.17477 -4.37049 -0.799132 1.77908 -3.86215
0.00493782 2.04882 -4.69511 -0.39341 1.56805 -4.14635
-1.52824 2.52259 -5.31412 -1.98566 2.02663 -4.89983
-1.0928 2.68799 -4.41187 -1.51088 2.41857 -4.06627
-0.70856 2.73738 -4.26693 -1.10465 2.54928 -3.8413
-0.373208 2.58699 -4.35675 -0.762469 2.31789 -3.9561
0.0484693 2.51174 -4.6801 -0.346764 2.16285 -4.27007
-0.979524 2.53613 -5.20639 -1.4676 2.13273 -4.80901
-0.521376 2.7229 -4.34071 -1.0088 2.46829 -3.99077
-0.143945 2.77471 -4.21553 -0.605841 2.62595 -3.75748
0.190732 2.64616 -4.32687 -0.25363 2.41692 -3.90683
0.600386 2.61278 -4.66721 0.23033 2.19084 -4.50014
-0.484681 2.44327 -5.1992 -0.966042 2.00184 -4.78472
0.00197874 2.6534 -4.38012 -0.476175 2.42781 -4.04853
0.384072 2.71874 -4.27974 -0.0916042 2.55763 -3.85706
0.711898 2.59677 -4.41385 0.267962 2.36937 -4.00613
1.10217 2.56361 -4.78038 0.760897 2.17463 -4.5255
-0.0833553 2.43923 -5.15219 -0.412417 1.94596 -4.72103
0.444958 2.64804 -4.33851 0.141686 2.36809 -4.03942
0.835024 2.70688 -4.25377 0.521912 2.49618 -3.82439
1.17313 2.58488 -4.40858 0.885854 2.29475 -3.9891
1.56992 2.57379 -4.81035 1.41018 2.01179 -4.6994
0.366559 2.44978 -5.12359 0.0359185 1.98554 -4.66279
0.900248 2.66028 -4.35331 0.628422 2.41313 -4.00674
1.2944 2.72458 -4.28367 1.03986 2.44131 -3.8745
1.62354 2.60341 -4.45166 1.3682 2.29314 -4.0562
2.00141 2.59275 -4.86443 1.74102 2.12468 -4.43098
0.064412 1.08128 -5.28107 -0.243803 0.541188 -4.56304
0.624162 1.31331 -4.5092 0.348818 0.930519 -3.89797
1.05309 1.36516 -4.43782 0.754132 0.923733 -3.82641
1.3823 1.17509 -4.58894 1.10072 0.791756 -3.88082
1.76829 1.0702 -5.00019 1.48106 0.631583 -4.29398
-1.15157 1.03349 -5.26693 -1.51152 0.529788 -4.48902
-0.654973 1.32446 -4.45414 -1.03775 0.961039 -3.86889
-0.239874 1.40122 -4.35596 -0.645221 1.08522 -3.66311
0.0936612 1.20444 -4.45378 -0.276648 0.871859 -3.79882
0.506135 1.11233 -4.83529 0.118383 0.697427 -4.13645
-0.753314 1.0928 -5.03523 -1.14118 0.620207 -4.33323
-0.200436 1.39676 -4.26479 -0.627362 1.11094 -3.68811
0.239734 1.49356 -4.18943 -0.22624 1.21261 -3.58361
0.596766 1.34424 -4.31699 0.16886 0.964853 -3.75766
0.915461 1.14832 -4.78105 0.500185 0.760174 -4.04524
-0.609699 1.05614 -5.52348 -0.922282 0.510095 -4.81832
-0.0896485 1.33752 -4.76194 -0.37215 0.898331 -4.2093
0.319708 1.41706 -4.69062 0.0154767 1.01444 -4.05585
0.664907 1.19048 -4.81908 0.364342 0.769424 -4.17474
1.05775 1.09498 -5.24982 0.752435 0.582117 -4.55082
-0.99353 1.04258 -5.36747 -1.32352 0.588582 -4.70149
-0.472779 1.35567 -4.63006 -0.842142 0.948973 -4.04369
-0.0641767 1.45341 -4.56545 -0.416612 1.05097 -3.96202
0.279182 1.21705 -4.66885 -0.064636 0.813868 -4.01716
0.673103 1.1035 -5.08087 0.358969 0.607327 -4.4623
-0.53485 1.05971 -5.23184 -0.972974 0.535334 -4.48064
-0.0535197 1.29498 -4.43749 -0.471235 0.940259 -3.83519
0.349433 1.35725 -4.34458 -0.0986342 1.06068 -3.66138
0.688268 1.13916 -4.46459 0.31114 0.780402 -3.86345
1.09762 1.04104 -4.86589 0.697314 0.636372 -4.17194
-0.0470214 1.01291 -5.11576 -0.472955 0.598527 -4.41231
0.44315 1.28437 -4.35309 0.0149118 0.945948 -3.72496
0.850545 1.36065 -4.27458 0.432519 0.998193 -3.67346
1.19864 1.17326 -4.40141 0.767766 0.808146 -3.70832
1.598 1.08135 -4.81423 1.15583 0.639046 -4.06011
0.278022 1.48173 -5.12005 -0.0676945 0.879078 -4.4369
0.761414 1.68828 -4.34605 0.449983 1.23596 -3.7659
1.17049 1.74894 -4.25707 0.8809 1.24171 -3.73499
1.51902 1.55321 -4.38791 1.19481 1.08525 -3.7424
1.92503 1.47438 -4.80606 1.61521 0.883402 -4.14473
0.271772 1.87981 -5.1015 -0.0252607 1.37383 -4.54141
0.750179 2.09895 -4.33359 0.480923 1.6739 -3.87418
1.15475 2.15755 -4.24372 0.879971 1.75643 -3.6689
1.50241 1.96816 -4.37155 1.2506 1.53441 -3.84532
1.90825 1.8867 -4.78324 1.63701 1.37652 -4.20307
0.320564 1.42076 -3.49357 -0.036491 1.2488 -2.7421
0.838616 1.88182 -2.81583 0 0 0
1.26478 1.92639 -2.74822 0.533279 1.89262 -2.12174
1.53041 1.7658 -2.87773 1.22367 1.705 -2.22584
1.87601 1.74055 -3.22112 1.64091 1.57994 -2.47646
-0.490457 1.03063 -3.94011 -0.863298 0.784811 -3.1183
-0.0325968 1.46907 -3.12869 -0.380574 1.33646 -2.49424
0.414343 1.51326 -3.00566 0.0722171 1.42722 -2.29333
0.745872 1.26695 -3.10463 0.422927 1.12985 -2.41836
1.15517 1.20914 -3.46206 0.847229 1.00563 -2.72606
-0.50156 1.37306 -4.02623 -0.861054 1.05245 -3.23796
-0.141313 1.85166 -3.22146 -0.482348 1.69195 -2.57
0.296694 1.90185 -3.06094 -0.0772927 1.84219 -2.37806
0.66487 1.70695 -3.12074 0.336354 1.58327 -2.51221
1.11208 1.60634 -3.46057 0.79423 1.40462 -2.76832
-0.509062 1.9547 -3.99412 -0.836267 1.64937 -3.32883
-0.125997 2.41895 -3.21106 -0.42165 2.30769 -2.67088
0.308742 2.46638 -3.0704 0.0255464 2.43047 -2.49832
0.658307 2.26076 -3.1348 0.38204 2.19296 -2.56457
1.09067 2.14567 -3.48435 0.856516 1.97743 -2.91433
-0.90554 2.00509 -4.1149 -1.23499 1.8182 -3.52053
-0.50515 2.4974 -3.3405 -0.772387 2.44516 -2.8006
-0.0738847 2.51662 -3.19126 -0.337741 2.51549 -2.61148
0.260261 2.28129 -3.248 0.0118299 2.24998 -2.75345
0.684021 2.14311 -3.58335 0.462842 2.06741 -3.0188
-1.14071 1.57303 -4.15779 -1.49077 1.41609 -3.45396
-0.739604 2.03419 -3.35521 -1.05816 2.03132 -2.77309
-0.300543 2.03105 -3.19715 -0.613958 2.11919 -2.55933
0.0234982 1.799 -3.26835 -0.280741 1.8696 -2.6418
0.450268 1.68597 -3.59984 0.160754 1.6523 -2.95664
-1.20881 1.17314 -4.1682 -1.60396 0.962288 -3.41653
-0.790765 1.60885 -3.3519 -1.18022 1.54458 -2.68418
-0.340679 1.58983 -3.19778 -0.727947 1.5781 -2.49814
-0.0214311 1.38596 -3.2883 -0.385841 1.33967 -2.58655
0.402631 1.27711 -3.62477 0.0132476 1.07617 -2.9108
-1.4968 0.808554 -4.29642 -1.85381 0.516922 -3.46287
-1.0532 1.22403 -3.46586 -1.38222 1.05956 -2.72076
-0.600652 1.19977 -3.31005 -0.978931 1.06819 -2.57811
-0.282091 0.993066 -3.40139 -0.621154 0.84322 -2.6397
0.157466 0.876062 -3.74217 -0.21583 0.640241 -2.9395
0.177907 1.35154 -4.81188 -0.166987 0.837331 -4.13156
0.686382 1.69853 -4.04358 0 0 0
1.13301 1.7172 -3.9454 0.356328 1.29683 -3.42453
1.44922 1.49598 -4.05906 1.07882 0.958748 -3.66381
1.85996 1.42749 -4.46793 1.53448 0.909547 -3.73958
-0.195613 2.1376 -4.51624 -0.412436 1.81418 -3.90347
0.270015 2.54449 -3.76995 0.0780625 2.39788 -3.28512
0.693629 2.55892 -3.6603 0.52805 2.40656 -3.19913
0.999843 2.35479 -3.75765 0.821116 2.16633 -3.24128
1.41024 2.27442 -4.12726 1.25494 1.9247 -3.63379
-0.620603 1.91546 -4.68642 -0.930722 1.60155 -4.10753
-0.194656 2.34075 -3.89691 -0.460792 2.1996 -3.42886
0.237612 2.36528 -3.75963 -0.0201647 2.24401 -3.27126
0.54748 2.15187 -3.83728 0.301647 1.99283 -3.34156
0.96903 2.05192 -4.17083 0.748217 1.7895 -3.62985
-0.823197 1.48495 -4.72187 -1.18324 1.20088 -4.05305
-0.376083 1.84201 -3.90957 -0.724484 1.74401 -3.29987
0.0576001 1.84224 -3.77267 -0.288564 1.77539 -3.14667
0.356844 1.64806 -3.86465 0.0308277 1.51133 -3.25544
0.773615 1.55716 -4.18904 0.491377 1.33714 -3.58187
-0.95949 1.13084 -4.74074 -1.30476 0.805898 -4.00159
-0.502942 1.43899 -3.90651 -0.825787 1.34577 -3.23536
-0.0664875 1.43572 -3.77269 -0.398575 1.34492 -3.099
0.229589 1.23424 -3.87994 -0.12802 1.04399 -3.17683
0.647965 1.15685 -4.21453 0.349238 0.93896 -3.48341
-1.36167 0.910551 -4.81451 -1.63399 0.525361 -4.01099
-0.88852 1.18482 -3.94699 -1.16955 0.997989 -3.24298
-0.454608 1.17968 -3.80351 -0.740015 0.991825 -3.06981
-0.157782 0.964274 -3.89903 -0.438275 0.727292 -3.167
0.277698 0.874719 -4.22782 0.03366 0.590018 -3.44511
-1.72471 1.40334 -4.88632 -2.15171 0.881938 -4.23456
-1.31654 1.74512 -4.03424 -1.72059 1.35736 -3.49068
-0.878742 1.72292 -3.85569 -1.27791 1.41571 -3.26122
-0.581902 1.50524 -3.92027 -1.01014 1.13199 -3.32555
-0.143295 1.37315 -4.21951 -0.508592 0.981676 -3.5401
-1.60283 1.97783 -4.80508 -1.81932 1.82819 -3.92224
-1.20039 2.37779 -3.9875 -1.18157 2.17012 -3.2886
-0.761772 2.39132 -3.82265 -0.869456 1.92773 -3.31828
-0.457718 2.1609 -3.87534 -0.434565 1.71918 -3.60379
-0.0323213 2.03499 -4.17667 0 0 0
-1.28582 2.16895 -4.64295 -1.79224 1.88037 -4.15385
-0.836395 2.514 -3.82288 -1.2981 2.36025 -3.38969
-0.391843 2.53083 -3.68778 -0.862523 2.46619 -3.15156
-0.0854607 2.32324 -3.76992 -0.54938 2.20253 -3.27186
0.318131 2.22008 -4.10249 -0.109071 2.02715 -3.58633
-1.02569 1.89245 -4.63643 -1.45677 1.6589 -4.07007
-0.552749 2.17195 -3.78958 -0.952758 2.08303 -3.26494
-0.102967 2.18427 -3.66422 -0.501591 2.18713 -3.07113
0.205401 2.01327 -3.76754 -0.187552 1.90673 -3.19385
0.599675 1.9387 -4.10929 0.277957 1.80033 -3.51103
-0.930792 1.45682 -4.76308 -1.34546 1.16339 -4.06709
-0.467959 1.73988 -3.9019 -0.866598 1.61024 -3.27405
-0.0226349 1.77197 -3.77149 -0.420321 1.70942 -3.07762
0.285927 1.58505 -3.86641 -0.107373 1.44263 -3.18493
0.699039 1.51958 -4.19994 0.341973 1.30901 -3.51028
-0.733247 1.14884 -4.87656 -1.1337 0.738692 -4.18105
-0.235636 1.3717 -4.00609 -0.650092 1.15466 -3.32628
0.212652 1.39138 -3.88396 -0.179335 1.22213 -3.19227
0.512262 1.1941 -3.99361 0.104124 0.957391 -3.25537
0.925648 1.13216 -4.34066 0.584907 0.857701 -3.61009
0.0182733 0.96795 -4.86233 -0.352651 0.536103 -4.05068
0.538453 1.29256 -4.08643 0 0 0
0.965755 1.35089 -3.98139 0.214874 0.990434 -3.36354
1.20743 1.12699 -4.09058 0.821936 0.754153 -3.46442
1.63316 1.04526 -4.4361 1.28958 0.631869 -3.62592
0.559653 1.46005 -5.19926 0.301985 0.86373 -4.80249
0.945729 2.1787 -4.66285 0.77746 1.5321 -4.3764
1.33859 2.23631 -4.47113 1.2211 1.58071 -4.1644
1.57298 2.03473 -4.37697 1.36294 1.3671 -3.86961
1.92887 1.7635 -4.46057 1.71501 1.08585 -3.95791
0.536858 1.60734 -4.13122 0.126565 1.1851 -3.63693
0.882945 2.27886 -3.55988 0.537141 2.07709 -3.14853
1.27232 2.4128 -3.46047 0.983107 2.25032 -3.0481
1.57365 2.29439 -3.48678 1.26686 2.03448 -3.01262
1.92585 2.22127 -3.73744 1.66411 1.83495 -3.30292
0.294308 1.35987 -3.72874 -0.0545727 1.15333 -2.90652
0.722014 1.77857 -3.01821 0.404183 1.81176 -2.25995
1.1251 1.8639 -2.91317 0.837642 1.88918 -2.17654
1.48087 1.73609 -3.00585 1.23269 1.68476 -2.26038
1.82935 1.71326 -3.32272 1.65361 1.62349 -2.61287
0.178464 0.917042 -3.83387 -0.145204 0.74927 -2.99747
0.618842 1.30866 -3.09254 0.34865 1.29972 -2.30482
1.04154 1.39017 -2.97948 0.773147 1.39398 -2.19638
1.42846 1.2522 -3.08964 1.15037 1.12832 -2.32694
1.79752 1.22465 -3.43221 1.56552 1.11345 -2.63615
-0.930453 0.844642 -4.09353 -1.29897 0.506768 -3.21963
-0.415509 1.16352 -3.26828 -0.798826 1.00498 -2.53318
0.0253749 1.19826 -3.15518 -0.318344 1.07743 -2.36784
0.346637 0.975765 -3.25798 -0.00366122 0.775579 -2.50181
0.734627 0.921542 -3.61072 0.378691 0.633078 -2.82244
-0.976118 1.33356 -4.01775 -1.40963 0.904087 -3.32896
-0.448747 1.69075 -3.20984 -0.843392 1.3646 -2.56583
-0.0122231 1.69893 -3.09563 -0.371407 1.46717 -2.40518
0.308165 1.47887 -3.19075 -0.051241 1.19366 -2.49759
0.686046 1.39611 -3.54944 0.35064 1.06569 -2.83727
-0.988795 1.73291 -3.98432 -1.38876 1.36288 -3.26711
-0.467534 2.13384 -3.20208 -0.830417 1.86646 -2.60616
-0.0422335 2.14487 -3.0881 -0.390336 1.93601 -2.46193
0.27653 1.90321 -3.16729 -0.0808218 1.62944 -2.54808
0.650045 1.81421 -3.52019 0.373628 1.53056 -2.88059
-1.17898 2.02515 -4.11464 -1.52071 1.79164 -3.44978
-0.718166 2.46586 -3.32526 -1.01649 2.39487 -2.70591
-0.307645 2.50714 -3.19661 -0.57115 2.47077 -2.59903
0.0300765 2.26682 -3.24981 -0.262376 2.14963 -2.71142
0.42148 2.1746 -3.58003 0.173654 2.03181 -3.01119
-1.47603 1.7738 -4.25379 -1.83918 1.61702 -3.59477
-1.04331 2.21964 -3.43793 -1.34327 2.22375 -2.83011
-0.633957 2.27735 -3.29533 -0.910517 2.33615 -2.66336
-0.284973 2.03052 -3.33434 -0.579892 2.02915 -2.79459
0.127006 1.9312 -3.64732 -0.134447 1.89698 -3.04144
-1.6619 1.36835 -4.34974 -2.05069 1.14715 -3.60543
-1.24137 1.77741 -3.49483 -1.5965 1.70229 -2.84731
-0.829862 1.81007 -3.33249 -1.19053 1.83652 -2.63554
-0.480308 1.5823 -3.38285 -0.834857 1.54855 -2.72027
-0.0545897 1.49237 -3.68735 -0.405874 1.44511 -2.98239
-1.59283 0.963147 -4.4048 -2.02041 0.646355 -3.58832
-1.18546 1.33372 -3.5269 -1.61095 1.19538 -2.8496
-0.76613 1.36135 -3.35296 -1.20428 1.32912 -2.61492
-0.413788 1.17862 -3.41212 -0.843587 1.0584 -2.66351
0.0238714 1.09889 -3.71067 -0.436565 0.934069 -2.9485
0.276236 1.46636 -4.24559 -0.0597938 1.06787 -3.5293
0.76498 1.83047 -3.46092 0 0 0
1.1983 1.87159 -3.35827 0.46418 1.57944 -2.79332
1.54703 1.6834 -3.47735 1.19826 1.28842 -2.97835
1.93108 1.65388 -3.86 1.69061 1.2551 -3.18715
-0.120973 1.98939 -4.61525 -0.342555 1.67375 -3.93073
0.326544 2.39345 -3.85136 0.095758 2.22448 -3.29485
0.743739 2.41294 -3.72886 0.558066 2.32074 -3.13085
1.08683 2.24008 -3.82873 0.883031 2.0186 -3.26466
1.48711 2.20715 -4.19047 1.32153 1.93802 -3.61822
-0.37786 1.70768 -4.80773 -0.633482 1.44763 -4.17292
0.0393039 2.10778 -4.02281 -0.176901 2.01817 -3.49095
0.449274 2.1324 -3.88604 0.263946 2.11207 -3.30303
0.785556 1.94139 -3.97218 0.589253 1.81091 -3.4487
1.1967 1.91281 -4.30604 1.05468 1.75158 -3.75693
-0.587393 1.30153 -4.83613 -0.948378 0.984018 -4.11895
-0.151735 1.67695 -4.0439 -0.483344 1.51074 -3.42501
0.25747 1.70636 -3.91278 -0.055552 1.57084 -3.24177
0.588045 1.51543 -4.0001 0.264601 1.27917 -3.36983
0.995551 1.46894 -4.32589 0.673632 1.12564 -3.67327
-1.2148 0.993278 -5.0469 -1.55659 0.506793 -4.25028
-0.79412 1.30186 -4.15628 -1.13143 1.01964 -3.481
-0.387023 1.3231 -3.99515 -0.704781 1.06831 -3.29169
-0.0416877 1.10847 -4.0678 -0.373162 0.799203 -3.35247
0.388145 1.07226 -4.36641 0.0533778 0.695269 -3.61432
-1.42749 1.38889 -5.08547 -1.79949 0.848795 -4.38682
-1.03014 1.64157 -4.19428 -1.41105 1.25674 -3.61839
-0.621975 1.6403 -4.0163 -0.976186 1.28228 -3.41679
-0.278559 1.44173 -4.0802 -0.627223 1.06413 -3.4367
0.144577 1.37178 -4.36524 -0.193837 0.972154 -3.64829
-1.42048 1.84979 -4.95287 -1.82552 1.35374 -4.38349
-1.01384 2.13231 -4.08787 -1.42556 1.80281 -3.59163
-0.612821 2.16066 -3.92643 -1.00063 1.87351 -3.38005
-0.273522 1.958 -3.98543 -0.675659 1.62559 -3.45209
0.13732 1.89084 -4.27684 -0.262051 1.51613 -3.69969
-1.1179 2.1269 -4.78071 -1.61529 1.70807 -4.2208
-0.67936 2.45321 -3.96463 -1.19066 2.2217 -3.56519
-0.273237 2.48323 -3.8261 -0.765661 2.3129 -3.34186
0.0628947 2.28118 -3.8962 -0.397995 2.05781 -3.44407
0.452585 2.20685 -4.20733 0.0504235 1.89427 -3.77617
-0.598057 2.00128 -4.64552 -1.04484 1.62529 -4.10882
-0.123561 2.35197 -3.87809 -0.577297 2.21267 -3.41315
0.291659 2.3761 -3.76534 -0.167498 2.28452 -3.24749
0.623393 2.19486 -3.86222 0.182917 2.02248 -3.35733
0.995202 2.12308 -4.19658 0.625243 1.90206 -3.71235
-0.299322 1.64027 -4.62903 -0.680474 1.37388 -3.9978
0.177614 1.97873 -3.86954 -0.207627 1.88171 -3.29381
0.591049 2.00011 -3.76374 0.247371 1.91448 -3.2093
0.92461 1.83937 -3.87781 0.549482 1.61744 -3.2892
1.30128 1.79557 -4.22141 0.993208 1.55487 -3.60703
-0.207145 1.18162 -4.7041 -0.5658 0.761656 -3.98939
0.266745 1.50948 -3.92623 -0.127563 1.33061 -3.29525
0.682212 1.53889 -3.81735 0.305208 1.40499 -3.13094
1.02151 1.38444 -3.9322 0.669693 1.16893 -3.24326
1.41029 1.35026 -4.27559 1.07277 1.07825 -3.54614
0.402461 1.88135 -4.47255 0 0 0
0.897952 2.15677 -3.71689 0.128018 1.41532 -3.83862
1.328 2.18081 -3.62599 0.634088 1.88654 -3.21709
1.65871 2.01606 -3.76117 1.34961 1.65908 -3.34532
2.03164 1.99098 -4.14135 1.82008 1.61307 -3.54737
-0.238034 2.09977 -4.48673 -0.471403 1.73291 -3.91689
0.214231 2.41349 -3.73029 -0.0201994 2.252 -3.28683
0.632898 2.43549 -3.62139 0 0 0
0.949229 2.24735 -3.73245 0.604946 2.27117 -3.09316
1.33185 2.2303 -4.07853 1.23166 1.95977 -3.61846
-0.647898 1.95901 -4.43404 -0.949254 1.70138 -3.84349
-0.184285 2.27219 -3.67359 -0.480732 2.14989 -3.20989
0.234121 2.28231 -3.56328 -0.0194819 2.20652 -3.02481
0.537689 2.08296 -3.67123 0.295627 1.92774 -3.17105
0.917463 2.04626 -4.00547 0.729976 1.86574 -3.48918
-0.837601 1.54006 -4.48455 -1.15591 1.27795 -3.77691
-0.369769 1.85887 -3.71391 -0.679179 1.84771 -3.07187
0.0523726 1.87206 -3.6013 -0.246302 1.85482 -2.95106
0.358708 1.68853 -3.70871 0.063348 1.60642 -3.06816
0.739574 1.63373 -4.03624 0.489425 1.54655 -3.38742
-1.03473 1.14974 -4.7433 -1.38068 0.768149 -3.95887
-0.572235 1.43683 -3.90996 -0.955253 1.26207 -3.24748
-0.146655 1.46312 -3.78158 -0.518617 1.31498 -3.08308
0.173057 1.28203 -3.87737 -0.198917 1.04402 -3.17684
0.582037 1.23096 -4.19788 0.237324 0.962803 -3.48476
0.491704 1.27901 -3.92087 0 0 0
0.994556 1.78459 -3.15013 0.177819 0.942085 -3.31518
1.44756 1.81031 -3.03736 0.649878 1.67424 -2.60589
1.67138 1.68973 -3.13352 1.21671 1.69696 -2.4141
2.02834 1.63643 -3.42742 1.75597 1.37134 -2.81858
0.352678 0.938391 -3.54985 0 0 0
0.928203 1.40674 -2.84032 0.0473935 0.752137 -2.74983
1.40405 1.45335 -2.78592 0.618303 1.34559 -2.11402
1.63801 1.32496 -2.91293 1.18745 1.41476 -2.02621
1.95862 1.2852 -3.2585 1.70118 1.11888 -2.45783
-0.830293 0.901447 -3.82465 -1.11824 0.67829 -2.97106
-0.342005 1.34908 -3.02936 -0.616817 1.29088 -2.31144
0.13574 1.42157 -2.92505 -0.12275 1.39453 -2.19667
0.455475 1.20157 -3.02773 0.183179 1.11147 -2.30665
0.847223 1.1447 -3.39476 0.606683 0.991701 -2.63937
-1.29158 0.884676 -3.92542 -1.58238 0.649061 -3.05745
-0.806579 1.32797 -3.09224 -1.0981 1.22255 -2.39969
-0.3388 1.3755 -2.9626 -0.608174 1.31988 -2.23626
-0.020994 1.14887 -3.04444 -0.3151 1.08868 -2.30586
0.390556 1.06618 -3.39551 0.128716 0.930814 -2.62965
-1.7403 0.955279 -4.06824 -2.09635 0.619174 -3.21144
-1.26958 1.39827 -3.20825 -1.66796 1.16499 -2.51632
-0.799086 1.41417 -3.04816 -1.17366 1.2723 -2.32422
-0.480512 1.18662 -3.10886 -0.862712 1.00962 -2.39974
-0.0494495 1.08438 -3.44356 -0.406122 0.891554 -2.69938
-1.70709 1.37514 -4.01958 -2.11396 1.02905 -3.23684
-1.23766 1.79243 -3.16401 -1.67071 1.57019 -2.56189
-0.759262 1.80949 -3.01453 -1.17619 1.70913 -2.32997
-0.441445 1.61531 -3.08988 -0.888215 1.42248 -2.4607
-0.0221132 1.50731 -3.43414 -0.443256 1.31837 -2.72246
-1.62143 1.76015 -3.90894 -2.04614 1.42321 -3.20858
-1.13119 2.20412 -3.08224 -1.57351 2.0066 -2.53344
-0.65824 2.21964 -2.94666 -1.09053 2.11258 -2.31797
-0.342668 2.00166 -3.01934 -0.77694 1.87124 -2.42749
0.0642105 1.88612 -3.37363 -0.351315 1.71393 -2.72892
-1.44188 2.08932 -3.89011 -1.89999 1.81156 -3.25651
-0.953554 2.6003 -3.11796 -1.41268 2.47338 -2.60042
-0.489399 2.636 -2.9939 -0.949692 2.58279 -2.3981
-0.162037 2.40143 -3.05249 -0.637313 2.34129 -2.47356
0.229237 2.28686 -3.40537 -0.207667 2.1371 -2.89729
-0.760276 2.17557 -3.77283 -1.23213 1.93017 -3.17234
-0.219056 2.6557 -3.03996 -0.685193 2.61125 -2.52649
0.244713 2.66357 -2.94817 -0.23927 2.66817 -2.42085
0.553117 2.45752 -3.0463 0.0830498 2.45567 -2.51172
0.905463 2.33297 -3.41856 0.458792 2.26868 -2.84267
0.155118 1.08578 -3.97704 -0.239261 0.743116 -3.17541
0.584945 1.49194 -3.1524 0 0 0
1.0364 1.57649 -3.03086 0.199719 1.36155 -2.4736
1.36335 1.46626 -3.14352 0.822127 1.30942 -2.42323
1.76789 1.46831 -3.49575 1.3964 1.17443 -2.72521
0.452179 1.81368 -3.9055 0 0 0
0.891294 2.2447 -3.14134 0.101001 1.50534 -3.30888
1.34121 2.31641 -3.03031 0.638328 2.13799 -2.58065
1.66427 2.17954 -3.13587 1.20327 2.2111 -2.39301
2.05619 2.16458 -3.50131 1.81882 1.86829 -2.83365
0.920584 1.76324 -3.94893 0 0 0
1.39787 2.23267 -3.24365 0.636693 1.54972 -3.26452
1.8585 2.28785 -3.15621 1.17445 2.14086 -2.66145
2.1889 2.12979 -3.27348 1.75718 2.23591 -2.48548
2.54916 2.05994 -3.64534 2.37826 1.87146 -3.02787
0.830178 1.3333 -4.01992 0.495442 1.10665 -3.25545
1.22603 1.77075 -3.28001 0.960807 1.70206 -2.62068
1.63919 1.83733 -3.15811 1.37959 1.77733 -2.51346
2.06229 1.70508 -3.26926 1.76689 1.51789 -2.56806
2.4492 1.65444 -3.62395 2.19718 1.37998 -2.91378
0.304218 0.910941 -4.09101 0.0144883 0.596318 -3.32387
0.725664 1.32319 -3.3413 0.531818 1.17744 -2.62487
1.16928 1.3996 -3.22443 0.964887 1.21588 -2.49808
1.56768 1.2392 -3.33893 1.33449 1.00658 -2.568
1.95381 1.17962 -3.69795 1.78261 0.90937 -2.94669
-0.42494 0.955517 -4.12813 -0.778823 0.702329 -3.30096
0.0593303 1.32754 -3.36402 -0.247416 1.21198 -2.65456
0.504851 1.35171 -3.2521 0.18695 1.24421 -2.51314
0.869556 1.14925 -3.36942 0.558104 0.983182 -2.64617
1.26507 1.07225 -3.74479 0.981916 0.812707 -3.00855
-0.857754 0.871725 -4.22815 -1.18822 0.564718 -3.37502
-0.401381 1.25551 -3.44284 -0.718827 1.09592 -2.75141
0.0326569 1.27122 -3.31148 -0.261899 1.17403 -2.58909
0.388901 1.05352 -3.405 0.0963953 0.917273 -2.67908
0.812802 0.96255 -3.77042 0.487499 0.751766 -2.9535
-1.33548 0.922372 -4.28832 -1.65113 0.557523 -3.42783
-0.861697 1.33515 -3.50816 -1.21091 1.09878 -2.80956
-0.40597 1.31367 -3.35669 -0.749968 1.16311 -2.61726
-0.0749683 1.09601 -3.43018 -0.438952 0.885298 -2.68473
0.344214 0.967157 -3.77125 -0.00395492 0.715874 -3.02502
-1.54361 1.28498 -4.34289 -1.92672 0.831426 -3.53949
-1.09309 1.65705 -3.52705 -1.50778 1.33664 -2.91338
-0.635141 1.63878 -3.37315 -1.01728 1.41811 -2.69621
-0.319997 1.43221 -3.45078 -0.73669 1.16106 -2.79737
0.105279 1.30952 -3.78872 -0.268093 0.982788 -3.09899
-1.48421 1.85717 -4.30686 -1.90592 1.49298 -3.6534
-1.05047 2.28362 -3.52582 -1.44293 2.04202 -2.98265
-0.625822 2.26404 -3.37421 -1.03111 2.09871 -2.83158
-0.288942 2.05937 -3.44523 -0.689445 1.85787 -2.86208
0.127251 1.91331 -3.78278 -0.273031 1.68015 -3.13001
-1.31233 2.16927 -4.28642 -1.74244 1.84249 -3.68068
-0.874368 2.6422 -3.53671 -1.2901 2.45703 -3.0674
-0.455108 2.64345 -3.39864 -0.849675 2.57135 -2.87902
-0.114101 2.43388 -3.46728 -0.534922 2.3094 -2.95493
0.294345 2.30165 -3.81284 -0.0866504 2.10145 -3.24076
-0.878813 2.19315 -4.19128 -1.33738 1.88064 -3.63301
-0.424503 2.63777 -3.4569 -0.874248 2.50811 -3.02661
-0.00832275 2.61524 -3.33314 -0.466315 2.58975 -2.80953
0.32349 2.41714 -3.42545 -0.126568 2.35612 -2.87784
0.705451 2.28087 -3.77879 0.308972 2.14961 -3.20974
-0.627436 1.77559 -4.18317 -1.00558 1.60174 -3.53002
-0.192388 2.27908 -3.474 -0.565944 2.24092 -2.91852
0.224385 2.27488 -3.35458 -0.125596 2.27608 -2.78998
0.55822 2.10676 -3.45199 0.200961 2.07494 -2.87557
0.946 1.99485 -3.80461 0.633064 1.8935 -3.20947
-0.552506 1.32164 -4.18153 -0.956894 1.09695 -3.45415
-0.113894 1.77741 -3.44326 -0.455383 1.66431 -2.83844
0.30715 1.77332 -3.32441 -0.0508612 1.70758 -2.71422
0.640031 1.62008 -3.43297 0.271035 1.50063 -2.76274
1.03696 1.5287 -3.78677 0.720313 1.35269 -3.13711
-0.0703626 1.07191 -4.30049 -0.477097 0.731056 -3.50877
0.304734 1.55229 -3.53459 -0.0864936 1.38247 -2.8698
0.722842 1.57476 -3.38359 0.332749 1.45568 -2.68221
1.06255 1.41526 -3.45898 0.689211 1.23917 -2.77095
1.47768 1.34672 -3.77272 1.10732 1.08629 -3.05209
0.624559 1.14242 -4.23661 0 0 0
0.807561 1.59777 -3.88683 0.145228 0.784857 -3.43545
1.05218 1.56432 -3.75435 0.441066 1.39028 -3.10047
1.26612 1.42738 -3.78988 0.8445 1.42541 -2.7907
1.55791 1.35224 -3.93667 1.39795 1.05413 -3.10294
0.614371 1.3708 -5.69868 0 0 0
0.903501 1.8922 -4.98385 0.431791 0.827976 -5.22518
1.24349 2.0496 -4.75089 0.881565 1.2908 -4.48593
1.36374 1.96191 -4.74031 1.24731 0.807362 -3.94574
1.45342 1.56831 -4.69024 1.25077 1.10261 -4.24996
0.462248 1.18044 -4.59454 0.0950027 0.753017 -3.91685
0.710918 1.8723 -3.92754 0.412562 1.63323 -3.32025
1.11664 2.10518 -3.82565 0.821193 1.90263 -3.2483
1.46236 1.98226 -3.85777 1.16183 1.7152 -3.28456
1.83496 1.94797 -4.12696 1.55278 1.64377 -3.56369
0.242233 1.19908 -4.4105 -0.119486 0.854433 -3.68763
0.725427 1.62034 -3.61787 0 0 0
1.19596 1.7431 -3.52528 0.409758 1.47757 -2.90904
1.49176 1.60466 -3.61674 1.04781 1.5649 -2.80824
1.84983 1.54229 -3.94687 1.57325 1.23971 -3.20162
-0.438707 1.13261 -4.37105 -0.752736 0.804706 -3.66119
0.143505 1.51865 -3.55174 -0.137519 1.34992 -2.92044
0.649312 1.61473 -3.48539 0 0 0
0.92342 1.42239 -3.59076 0.520148 1.42353 -2.81235
1.29588 1.34311 -3.97085 1.01832 1.04507 -3.26801
-1.0535 0.915335 -4.68676 -1.33841 0.565393 -3.83974
-0.45156 1.30526 -3.81357 -0.740214 1.11508 -3.13535
0.0616513 1.39003 -3.7389 -0.0402922 0.878178 -3.25855
0.313323 1.15722 -3.81883 0 0 0
0.698754 1.05731 -4.17992 0.404223 0.783841 -3.3896
0.494355 1.3044 -5.10285 0 0 0
1.10662 1.48564 -4.25046 0.184427 0.632776 -4.31727
1.62066 1.55054 -4.19154 0.841119 0.935535 -3.56087
1.88705 1.33736 -4.31621 1.54377 0.856789 -3.5643
2.26247 1.28283 -4.75305 1.97257 0.596423 -3.96949
0.399134 1.75687 -5.22381 0 0 0
0.962777 1.88821 -4.33764 0.125584 0.986198 -4.78833
1.45314 1.93594 -4.24356 0.711018 1.39691 -3.80618
1.72399 1.72274 -4.36004 1.42335 1.25313 -3.83166
2.12062 1.68171 -4.76453 1.84794 1.09212 -4.1198
0.366022 2.23422 -5.23516 0 0 0
0.913026 2.50917 -4.39826 0.0786466 1.63483 -4.73681
1.38058 2.62626 -4.32744 0.640146 2.07956 -3.97662
1.65826 2.42867 -4.41799 1.31466 2.06128 -3.94425
2.04347 2.38265 -4.80778 1.78322 1.7708 -4.26547
-0.199939 2.29792 -4.9751 -0.523042 1.89638 -4.51346
0.352672 2.53983 -4.16641 0.0836037 2.36287 -3.74218
0.809552 2.62755 -4.10149 0.602542 2.41448 -3.70167
1.09195 2.44627 -4.23287 0.868083 2.19836 -3.79062
1.43452 2.45505 -4.61664 1.23796 2.11623 -4.17732
-0.413645 1.86343 -4.92175 -0.744207 1.50954 -4.34175
0.171752 2.14379 -4.12323 -0.146114 1.93774 -3.64072
0.648568 2.2651 -4.08559 0 0 0
0.911436 2.04748 -4.21387 0.586856 1.76886 -3.84539
1.25169 2.01672 -4.60176 1.00853 1.68066 -4.07031
-0.602825 1.4066 -5.0253 -0.933228 0.969818 -4.33792
0.0262817 1.59256 -4.17818 -0.282776 1.34448 -3.67637
0.524615 1.72084 -4.14491 0 0 0
0.778495 1.48355 -4.28386 0.395452 1.19075 -3.78717
1.12927 1.44934 -4.68307 0.803679 1.09951 -4.0218
-0.851966 1.03813 -5.12034 -1.21033 0.573102 -4.35349
-0.222933 1.21404 -4.29555 -0.595231 0.926048 -3.66908
0.281042 1.27938 -4.25364 0 0 0
0.520602 1.05066 -4.39055 0.13381 0.703646 -3.83397
0.868545 0.981678 -4.79362 0.52717 0.59757 -4.07203
-1.40657 0.974979 -5.09961 -1.70411 0.508376 -4.36438
-0.707706 1.20078 -4.30864 -0.969324 0.859377 -3.73556
-0.190216 1.2724 -4.30097 -0.326423 0.598217 -3.93647
0.0406581 1.024 -4.43124 0 0 0
0.375146 0.954171 -4.86159 0.0781872 0.530382 -4.13824
-1.87465 1.01373 -5.15313 -2.23963 0.53257 -4.39989
-1.17504 1.2163 -4.35812 -1.54294 0.875723 -3.7216
-0.657042 1.26853 -4.34847 -0.894289 0.586691 -3.97564
-0.437533 1.00963 -4.46649 -0.461812 0.56304 -4.18958
-0.104136 0.924749 -4.88315 0 0 0
-2.03053 1.58359 -5.18424 -2.49589 1.01421 -4.50875
-1.32479 1.74927 -4.41209 -1.8053 1.30338 -3.91501
-0.822046 1.76224 -4.3974 -1.16269 1.04787 -4.1076
-0.608448 1.52529 -4.53377 -0.729003 0.955552 -4.35298
-0.298755 1.43417 -4.95483 0 0 0
-1.95249 2.0585 -5.17429 -2.42032 1.45178 -4.61683
-1.26729 2.20274 -4.41047 -1.721 1.74657 -3.93547
-0.786696 2.18919 -4.38063 -1.18633 1.79649 -3.87141
-0.568449 1.95172 -4.50608 -0.975467 1.52606 -3.96546
-0.264422 1.86302 -4.91184 -0.669456 1.36491 -4.3328
-1.90247 2.51518 -5.16601 -2.38992 1.9634 -4.77561
-1.24781 2.6533 -4.408 -1.70594 2.25602 -4.04779
-0.771019 2.65955 -4.37936 -1.18706 2.3423 -3.92378
-0.541395 2.45727 -4.51632 -0.948642 2.05379 -4.16678
-0.251051 2.39038 -4.91255 -0.615873 1.94349 -4.4479
-1.42156 2.71294 -4.95495 -1.97584 2.35502 -4.61008
-0.760391 2.89352 -4.22662 -1.31575 2.69834 -3.93188
-0.296316 2.91217 -4.21242 -0.788926 2.75989 -3.93063
-0.0675625 2.71598 -4.35878 -0.56185 2.50943 -4.02397
0.210615 2.65764 -4.75913 -0.233064 2.32497 -4.3676
-1.07392 2.41813 -4.96281 -1.47858 2.05531 -4.49603
-0.437535 2.61803 -4.23119 -0.8484 2.46399 -3.84125
0.00527364 2.66014 -4.20766 -0.17176 2.24937 -4.14619
0.25726 2.48941 -4.36267 0 0 0
0.555118 2.43173 -4.76265 0.245632 2.15621 -4.34582
-0.9471 1.20787 -5.13847 -1.32582 0.826379 -4.40888
-0.312606 1.38855 -4.37347 -0.741924 1.20336 -3.74857
0.158482 1.45733 -4.3396 -0.0636117 0.987648 -3.97365
0.414843 1.27824 -4.5 0 0 0
0.749651 1.23456 -4.90053 0.382008 0.955124 -4.20552
-0.578912 0.957388 -5.23314 -1.07753 0.512247 -4.44572
0.0897254 1.128 -4.48121 -0.471795 0.881728 -3.8154
0.564859 1.22561 -4.46545 0 0 0
0.817441 1.03512 -4.64158 0.196268 0.683531 -3.95918
1.14682 1.02601 -5.06548 0.623789 0.61097 -4.28302
0.627894 1.7954 -5.21939 0 0 0
1.21413 2.0165 -4.49268 0.291289 1.18537 -4.64506
1.69507 2.08469 -4.46516 0.954817 1.50953 -4.0133
1.95198 1.86318 -4.61305 1.53047 1.53539 -3.84584
2.28085 1.86049 -5.03482 1.99388 1.19081 -4.45542
0.613851 2.26107 -5.24997 0 0 0
1.18441 2.4801 -4.51343 0.328075 1.69583 -4.75792
1.65829 2.55581 -4.47874 0.956281 2.04917 -4.14167
1.91554 2.3416 -4.62104 1.57011 2.06194 -4.0352
2.24756 2.34312 -5.03313 2.00857 1.75259 -4.55026
-0.0672284 2.35064 -5.47239 -0.240005 1.89213 -5.10013
0.453095 2.51924 -4.70317 0 0 0
0.918115 2.59736 -4.61017 0.303433 2.32571 -4.43594
1.18754 2.3793 -4.75273 1.0124 2.14319 -4.64469
1.57315 2.36445 -5.11124 1.4274 2.01523 -4.80317
-0.336886 1.99795 -5.49208 -0.590345 1.50156 -5.02837
0.167082 2.22975 -4.70272 -0.101517 2.02472 -4.36651
0.634377 2.33437 -4.6113 0.3583 2.1177 -4.26871
0.901709 2.10082 -4.73963 0.660498 1.89272 -4.35295
1.28681 2.09484 -5.08905 1.03637 1.64853 -4.75542
-0.528643 1.12769 -5.58124 -0.890752 0.766366 -4.85265
-0.0988345 1.48992 -4.74412 -0.404548 1.20387 -4.19055
0.386536 1.60419 -4.6218 0.0544403 1.30528 -4.07458
0.664577 1.37845 -4.69512 0.314166 1.0844 -4.09304
1.09998 1.35277 -5.04483 0.747594 1.01743 -4.46516
-1.07776 1.17174 -5.49033 -1.46229 0.580733 -4.74262
-0.580955 1.46054 -4.69935 -0.968303 0.948841 -4.10025
-0.0894668 1.52829 -4.61137 -0.296148 0.701389 -4.27447
0.153157 1.2631 -4.69989 0 0 0
0.542738 1.24405 -5.07454 0.165403 0.698507 -4.45415
-1.12988 1.61315 -5.45999 -1.50532 0.976204 -4.80566
-0.610465 1.89304 -4.69097 -0.990723 1.41151 -4.1877
-0.131873 1.95541 -4.61458 -0.508488 1.51305 -4.09445
0.112475 1.71873 -4.69601 -0.281435 1.24061 -4.11948
0.483526 1.68009 -5.06859 0.121503 1.15565 -4.58396
-1.32656 2.04185 -5.47445 -1.65512 1.43203 -4.91212
-0.813933 2.31884 -4.71409 -1.15014 1.90073 -4.31191
-0.342612 2.38306 -4.63976 -0.629784 2.02449 -4.17385
-0.0969932 2.16259 -4.72133 -0.394244 1.7328 -4.24527
0.262692 2.11285 -5.08319 -0.025114 1.60412 -4.60723
-1.61518 1.59875 -5.54277 -2.01117 1.09277 -4.90162
-1.14898 1.89444 -4.75992 -1.51782 1.56472 -4.24651
-0.668745 1.94092 -4.66272 -1.01432 1.74377 -4.08122
-0.425873 1.72058 -4.75234 -0.793824 1.4283 -4.19662
-0.0620452 1.6748 -5.09469 -0.41603 1.35701 -4.49849
-1.63593 0.956931 -5.65899 -2.11924 0.531868 -4.89785
-1.20873 1.28496 -4.83621 -1.60851 0.922689 -4.18827
-0.719222 1.35224 -4.72014 -1.08787 1.10031 -4.02223
-0.465402 1.13835 -4.80654 -0.844449 0.770304 -4.1752
-0.0767839 1.10372 -5.14283 -0.47136 0.731444 -4.44901
-0.0861779 1.15369 -5.49783 -0.469836 0.55186 -4.7386
0.495202 1.39515 -4.77402 0 0 0
0.97628 1.50793 -4.75505 0.15885 0.898143 -4.2092
1.2314 1.287 -4.88893 0.801044 0.835746 -4.27795
1.55652 1.30669 -5.31702 1.20805 0.709327 -4.62979
-0.124592 1.62262 -5.43211 -0.482341 0.993049 -4.78064
0.469983 1.86151 -4.72201 0 0 0
0.939524 1.95892 -4.70647 0.114856 1.32467 -4.19815
1.1954 1.73437 -4.83296 0.768281 1.33896 -4.18309
1.51368 1.72936 -5.25615 1.22274 1.13729 -4.64215
-0.136551 2.05721 -5.39025 -0.473433 1.52769 -4.88371
0.44506 2.31762 -4.69139 0 0 0
0.899862 2.41766 -4.67673 0.111459 1.91809 -4.25318
1.16643 2.21323 -4.79904 0.746431 1.92492 -4.24549
1.47589 2.1818 -5.20893 1.19442 1.64225 -4.69545
1.92491 1.15448 -4.49399 0 0 0
1.74402 1.19309 -3.84651 0.117181 0.517305 -3.9614
1.48687 1.3172 -3.66334 0.641791 0.997206 -3.24256
1.0885 1.34325 -3.67886 1.23646 1.06993 -3.08869
0.978241 1.2759 -3.84854 1.80305 0.740558 -3.64973
0.220421 1.05232 -4.31908 -0.0803432 0.716182 -3.54616
0.749824 1.32719 -3.53159 0 0 0
1.22046 1.39179 -3.44856 0.434357 1.13325 -2.86187
1.52795 1.28992 -3.58983 1.00569 1.21818 -2.66919
1.89609 1.24064 -3.97426 1.58561 0.911262 -3.25349
0.0928779 1.46641 -4.40838 -0.21161 1.03507 -3.63644
0.613234 1.7027 -3.59564 0 0 0
1.07803 1.73966 -3.50883 0.311549 1.44746 -2.91568
1.37239 1.60686 -3.65849 0.903912 1.4426 -2.87912
1.74427 1.63382 -4.03844 1.47097 1.23326 -3.30012
-0.0674653 1.89348 -4.52225 -0.386524 1.47787 -3.96248
0.455466 2.07387 -3.7091 0 0 0
0.907317 2.10682 -3.62288 0.18035 1.84108 -3.17028
1.1911 1.97247 -3.77669 0.760391 1.89095 -3.00425
1.56459 2.0221 -4.15286 1.30091 1.61841 -3.53888
-1.78736 1.35928 -4.69605 -2.18782 0.844339 -3.9654
-1.18678 1.43531 -3.85708 -1.64615 1.12357 -3.19649
-0.71396 1.46204 -3.7835 -1.13962 1.16213 -3.13771
-0.465402 1.24584 -3.9352 -0.886791 0.958185 -3.25579
-0.0970935 1.21785 -4.32126 -0.523241 0.779867 -3.65931
-1.28717 2.27973 -4.74418 -1.82698 1.92802 -4.24714
-0.725391 2.43163 -3.95199 -1.23218 2.23823 -3.51735
-0.30071 2.47278 -3.88198 -0.810557 2.27041 -3.4212
-0.0326761 2.29424 -4.0206 -0.507284 2.08168 -3.54737
0.317279 2.27078 -4.40212 -0.132762 1.95573 -3.89945
-0.280453 2.03464 -4.5652 -0.668772 1.71189 -4.03029
0.274335 2.2541 -3.81874 -0.0872518 2.14789 -3.31076
0.693618 2.28228 -3.76304 0 0 0
0.952015 2.11081 -3.91762 0.498009 2.11242 -3.30322
1.30287 2.10779 -4.3072 1.01095 1.8482 -3.75167
-0.182022 1.42901 -4.77863 -0.540483 1.09866 -4.07798
0.344349 1.6575 -3.99606 -0.0216057 1.45438 -3.36106
0.77633 1.69391 -3.9198 0 0 0
1.05545 1.52967 -4.06638 0.676504 1.2425 -3.55419
1.43295 1.50378 -4.44291 1.12823 1.16187 -3.71519
0.399163 1.35992 -5.39359 0 0 0
0.884404 1.44424 -4.55884 0.0615135 0.609759 -4.76938
1.33915 1.5056 -4.4506 0.570057 0.897247 -3.95956
1.63464 1.32206 -4.6092 1.14086 0.915008 -3.81044
2.04093 1.36825 -4.99042 1.72268 0.697728 -4.28385
0.328975 1.84647 -5.33989 0 0 0
0.801653 1.92391 -4.50396 0.0594994 1.19603 -4.76399
1.24422 1.96432 -4.39248 0.527819 1.50493 -3.93157
1.53833 1.80016 -4.54614 1.15057 1.38877 -3.98307
1.95 1.86048 -4.92136 1.74031 1.26904 -4.36111
0.110285 2.31338 -5.31147 -0.130632 1.74686 -4.86433
0.579871 2.30265 -4.48428 0.33407 1.92777 -4.05447
0.995937 2.32605 -4.37187 0.76725 1.95667 -3.89995
1.28998 2.18462 -4.53028 1.1089 1.83829 -4.0522
1.69099 2.26301 -4.88708 1.51008 1.78966 -4.36611
-0.0197792 1.42647 -5.10564 -0.363804 0.981425 -4.53662
0.389996 1.08583 -4.33932 0 0 0
0.762689 0.974463 -4.23067 0.453584 0.650606 -3.53395
1.06487 0.920915 -4.38475 0.820714 0.571982 -3.72998
1.47952 1.02576 -4.67364 1.19006 0.650957 -4.02114
0.420858 1.56198 -5.13853 0 0 0
0.846944 1.20791 -4.40098 0.0791036 1.08328 -4.5115
1.24635 1.13486 -4.2887 0.918572 0.82131 -3.52278
1.53539 1.06324 -4.47177 1.17729 0.701233 -3.68545
1.94089 1.19055 -4.75117 1.59928 0.703954 -3.97004
0.0696795 1.15281 -4.65695 -0.168881 0.610921 -4.11311
0.56015 1.44117 -3.82934 0 0 0
1.01519 1.53153 -3.72582 0.32298 1.09332 -3.38427
1.2702 1.3781 -3.84662 0.86459 1.20814 -3.11688
1.64096 1.3718 -4.16603 1.42669 0.938182 -3.58492
-0.211358 1.17005 -4.31109 -0.555278 0.807667 -3.58348
0.305256 1.46479 -3.5019 -0.0532714 1.3178 -2.82409
0.758142 1.53119 -3.41453 0 0 0
1.01506 1.36179 -3.55085 0.551858 1.35969 -2.76708
1.37892 1.36953 -3.88821 1.0878 1.10755 -3.16532
-0.518265 0.84228 -4.25197 -0.837298 0.607228 -3.45426
0.0242982 1.13559 -3.44114 -0.270681 1.04979 -2.74954
0.484801 1.16973 -3.35487 0 0 0
0.720461 0.973772 -3.48617 0.302638 1.09706 -2.53683
1.09503 0.962176 -3.82244 0.799168 0.706708 -3.05412
-1.55048 1.3326 -4.55325 -1.98459 0.806098 -3.84314
-1.05537 1.55734 -3.67046 -1.41558 1.26507 -2.99991
-0.594236 1.60801 -3.5442 -0.971601 1.3147 -2.89039
-0.347003 1.41847 -3.64986 -0.720582 1.11345 -2.94194
0.0319262 1.41062 -3.96511 -0.344358 1.00472 -3.23523
-1.57559 1.84139 -4.61901 -1.9964 1.35451 -3.9422
-1.08009 2.06697 -3.74587 -1.51602 1.7866 -3.18661
-0.632422 2.12032 -3.62595 -1.05911 1.84162 -3.07995
-0.386127 1.9372 -3.72668 -0.816309 1.65207 -3.16038
-0.00704333 1.92413 -4.04578 -0.393485 1.57146 -3.43464
-0.402382 2.09614 -4.45466 -0.857233 1.83142 -3.91263
0.153635 2.3471 -3.69737 -0.265326 2.27674 -3.23203
0.582474 2.37881 -3.63537 0 0 0
0.800814 2.20122 -3.76931 0.301904 2.2855 -3.12343
1.13437 2.18326 -4.11733 0.803974 1.98449 -3.5863
-0.193759 1.56068 -4.34901 -0.563774 1.33998 -3.70796
0.350688 1.81833 -3.58753 -0.0365641 1.7675 -3.0179
0.782663 1.86462 -3.5231 0 0 0
1.0116 1.68836 -3.66444 0.547093 1.777 -2.92101
1.35745 1.68221 -4.0136 1.02472 1.43422 -3.38432
0.0335511 1.14972 -4.28303 -0.345334 0.839396 -3.5777
0.602012 1.36086 -3.519 0 0 0
1.04567 1.39857 -3.45779 0.179896 1.25524 -2.85877
1.2706 1.21028 -3.61091 0.746503 1.28178 -2.71433
1.62042 1.20008 -3.9651 1.24169 1.00598 -3.19059
0.335683 0.877453 -4.2157 -0.0231836 0.532042 -3.4256
0.938485 1.05339 -3.45706 0 0 0
1.38982 1.09472 -3.40892 0.532789 0.906349 -2.70725
1.61591 0.907764 -3.57931 1.09272 0.868393 -2.61911
1.96051 0.909169 -3.95038 1.55713 0.549958 -3.09536
0.570271 1.43631 -4.30191 0 0 0
1.17691 1.64654 -3.54401 0.260064 0.944991 -3.59987
1.63935 1.68378 -3.5033 0.885068 1.29083 -2.91168
1.87504 1.49443 -3.66714 1.40341 1.30884 -2.75137
2.215 1.4871 -4.05665 1.93763 0.983484 -3.32587
0.519362 2.00539 -4.40863 0 0 0
1.10331 2.20235 -3.66141 0.237291 1.59557 -3.79856
1.55521 2.22251 -3.61441 0.871072 1.94241 -3.13354
1.78717 2.03015 -3.76888 1.48432 1.8722 -3.11886
2.13 2.00642 -4.15348 1.89698 1.55196 -3.53753
0.174107 2.2538 -4.48683 -0.0226681 1.86915 -3.92137
0.72383 2.47819 -3.73315 0 0 0
1.15422 2.51352 -3.67131 0.54133 2.28158 -3.30256
1.38776 2.32586 -3.81265 1.15592 2.20574 -3.29621
1.74712 2.31868 -4.17648 1.57751 1.92839 -3.6584
-0.349081 2.25292 -4.53578 -0.563493 1.89344 -3.97959
0.170824 2.47813 -3.76321 -0.0201753 2.34542 -3.32518
0.590209 2.49388 -3.68141 0 0 0
0.813645 2.29964 -3.80953 0.544905 2.3435 -3.17693
1.18058 2.27762 -4.14346 1.05762 2.03041 -3.66734
-0.938474 1.87908 -4.47454 -1.22355 1.577 -3.87929
-0.397875 2.11058 -3.69557 -0.68086 2.0143 -3.17177
0.0380164 2.12316 -3.61634 -0.0583087 1.51949 -3.56557
0.25373 1.91143 -3.74522 0 0 0
0.606162 1.86019 -4.07485 0.355728 1.59508 -3.56046
-1.21529 1.38054 -4.49791 -1.55763 1.1914 -3.76487
-0.708493 1.61224 -3.68985 -0.981748 1.54864 -3.08273
-0.268991 1.65317 -3.59118 -0.450994 1.51347 -2.93945
-0.0401431 1.44459 -3.70739 0 0 0
0.326796 1.39195 -4.01853 0.085666 1.2402 -3.36044
-2.02877 1.36491 -4.63968 -2.42588 0.888109 -3.92072
-1.54576 1.55194 -3.78394 -1.94604 1.26282 -3.20258
-1.08491 1.56284 -3.65162 -1.48833 1.27951 -3.03024
-0.876881 1.37976 -3.7495 -1.28512 1.06161 -3.11824
-0.468455 1.29603 -4.05342 -0.846696 0.951973 -3.37707
-2.20411 2.22677 -4.65362 -2.67707 1.75466 -4.07568
-1.68076 2.43824 -3.82027 -2.13961 2.16936 -3.34482
-1.22243 2.47263 -3.7183 -1.67621 2.2366 -3.18804
-1.00935 2.28156 -3.82283 -1.44289 2.02843 -3.28122
-0.633523 2.20417 -4.15003 -1.02912 1.83345 -3.6872
-1.37993 2.46725 -4.56681 -1.91264 2.1386 -4.08729
-0.849226 2.69533 -3.74369 -1.37033 2.56478 -3.36254
-0.407024 2.73477 -3.65119 -0.942478 2.63437 -3.24098
-0.15869 2.53262 -3.77144 -0.654596 2.43995 -3.28484
0.190394 2.49408 -4.10651 -0.248786 2.286 -3.70131
-0.995394 1.51718 -4.62109 -1.3616 1.16136 -3.93011
-0.496268 1.79647 -3.77911 -0.88827 1.66026 -3.19871
-0.0578654 1.85255 -3.66997 -0.416875 1.73144 -3.0327
0.196841 1.6474 -3.77985 -0.1569 1.52477 -3.12667
0.57589 1.60854 -4.0942 0.227868 1.4108 -3.40584
0.819899 1.05489 -4.45886 0 0 0
1.40452 1.27438 -3.72727 0.467957 0.632747 -3.77362
1.8463 1.3162 -3.68378 1.05401 0.95997 -3.09818
2.09788 1.10855 -3.83696 1.58125 0.988933 -2.94369
2.43457 1.07991 -4.2316 2.13553 0.657135 -3.48079
0.735388 1.34426 -4.11798 0 0 0
1.31102 1.59699 -3.41196 0.47239 0.999617 -3.4024
1.7438 1.63454 -3.37114 1.06156 1.32972 -2.7738
1.99842 1.43098 -3.52098 1.58722 1.34039 -2.64356
2.32941 1.39518 -3.90854 2.16009 0.981252 -3.21143
0.189695 1.37286 -4.07451 -0.0222111 1.06132 -3.36726
0.750159 1.61134 -3.36157 0 0 0
1.18628 1.64974 -3.31519 0.547308 1.414 -2.73933
1.4317 1.45972 -3.46492 1.07686 1.47766 -2.54666
1.77786 1.43361 -3.84269 1.62075 1.10084 -3.10513
-0.331439 1.32953 -4.12069 -0.549701 1.02218 -3.35777
0.230168 1.58315 -3.39304 0 0 0
0.666435 1.61332 -3.33932 0.0288058 1.42791 -2.74672
0.901542 1.41465 -3.48746 0.568055 1.482 -2.63958
1.26062 1.399 -3.85931 1.07012 1.06104 -3.1406
-0.762164 1.2507 -4.19761 -1.08537 0.924874 -3.49857
-0.212353 1.49327 -3.43393 -0.51011 1.34529 -2.75942
0.223001 1.51204 -3.36215 0 0 0
0.450039 1.2961 -3.50095 0.0440949 1.38402 -2.58748
0.821403 1.26735 -3.85169 0.55963 1.01395 -3.11556
-1.89553 1.05833 -4.03826 -2.33322 0.780271 -3.22915
-1.47121 1.30125 -3.21539 -1.88051 1.22561 -2.50325
-1.05521 1.32028 -3.07077 -1.47475 1.27243 -2.35826
-0.804255 1.18624 -3.15783 -1.21308 1.06515 -2.42926
-0.377079 1.09184 -3.45481 -0.758227 0.935921 -2.72297
-1.68915 1.01108 -3.63849 -2.1836 0.849462 -2.82423
-1.23855 1.3183 -2.85215 -1.71146 1.29375 -2.14308
-0.818892 1.35319 -2.7317 -1.28621 1.30286 -2.05732
-0.564978 1.21263 -2.82679 -1.00091 1.15196 -2.13564
-0.154631 1.12411 -3.14459 -0.588155 1.00328 -2.35106
-0.193186 1.07306 -3.49733 -0.688952 0.90856 -2.68577
0.328298 1.38904 -2.77061 -0.121015 1.33344 -2.07358
0.747676 1.40696 -2.69853 0 0 0
1.01072 1.25405 -2.82954 0.471404 1.10896 -2.20339
1.35894 1.19207 -3.19135 0.946231 1.06408 -2.39471
-0.44168 0.977723 -3.86101 -0.769086 0.73905 -3.04867
0.0963049 1.28402 -3.10608 -0.237539 1.1907 -2.37143
0.532111 1.32197 -3.03424 0 0 0
0.794767 1.12466 -3.16459 0.300125 1.2353 -2.21393
1.16604 1.0861 -3.53551 0.861031 0.846386 -2.75464
-0.842471 0.915752 -3.93219 -1.1532 0.673333 -3.08168
-0.347795 1.22303 -3.14526 -0.648945 1.11906 -2.38997
0.0843962 1.26097 -3.04812 -0.189111 1.13802 -2.28679
0.339494 1.02958 -3.1635 0.0446306 0.900481 -2.40966
0.732351 0.995101 -3.50515 0.42216 0.730507 -2.72701
-0.269161 0.90168 -3.81838 -0.715705 0.644786 -2.99855
0.286581 1.17423 -3.07429 -0.160931 1.04953 -2.353
0.718044 1.18538 -3.0078 0 0 0
0.966061 0.976893 -3.14715 0.426887 0.695332 -2.50444
1.3256 0.933222 -3.51735 0.930597 0.732182 -2.70524
0.146867 0.86131 -3.7599 -0.285587 0.641713 -2.91763
0.72798 1.13056 -3.05276 0 0 0
1.1627 1.16159 -3.01313 0.293131 1.03812 -2.29031
1.42009 0.970024 -3.17109 0.940062 0.807441 -2.43947
1.75564 0.937691 -3.56756 1.39018 0.730565 -2.70438
0.532881 1.04462 -3.78746 0 0 0
1.09763 1.32412 -3.07493 0.190023 0.726544 -2.97406
1.53929 1.35491 -3.02913 0.802268 1.07323 -2.38825
1.80411 1.15583 -3.18369 1.34267 1.10169 -2.25615
2.1494 1.14233 -3.58612 1.86521 0.791207 -2.79326
0.496889 1.52222 -3.89172 0 0 0
1.02126 1.78125 -3.1574 0.171751 1.15285 -3.16676
1.4593 1.82126 -3.09542 0.739081 1.56189 -2.51217
1.73878 1.648 -3.24455 1.26215 1.57686 -2.35024
2.09926 1.64534 -3.64158 1.83307 1.25212 -2.92507
0.460057 1.93636 -3.97278 0 0 0
0.973224 2.17772 -3.24153 0.171811 1.59127 -3.38855
1.4061 2.22892 -3.17946 0.729629 2.02894 -2.6699
1.6845 2.06426 -3.32821 1.24629 2.05528 -2.52534
2.04966 2.0745 -3.72754 1.82874 1.74941 -3.1102
0.237433 2.30697 -3.99751 0 0 0
0.751145 2.52812 -3.2719 0.0476049 2.02742 -3.42791
1.16637 2.57126 -3.20978 0.554812 2.43134 -2.79325
1.43833 2.42445 -3.36152 1.10592 2.46186 -2.69622
1.80545 2.44472 -3.75579 1.70523 2.16531 -3.29737
-0.499324 2.40076 -4.13473 -0.73507 2.11517 -3.58783
0.0136816 2.62277 -3.37949 -0.231243 2.59696 -2.91529
0.437495 2.62472 -3.30328 0 0 0
0.677391 2.43348 -3.44477 0.338377 2.59618 -2.77897
1.04213 2.42936 -3.80617 0.870946 2.28243 -3.30301
-1.08127 2.04748 -4.25208 -1.41887 1.83222 -3.66389
-0.616282 2.35 -3.47655 -0.928163 2.32451 -2.98562
-0.190786 2.3922 -3.37521 -0.505671 2.37062 -2.8176
0.0714976 2.18319 -3.48167 -0.208433 2.1645 -2.93452
0.442099 2.12179 -3.80465 0.14844 1.96165 -3.30234
0.362988 1.06788 -3.87845 0 0 0
0.927895 1.32073 -3.15729 0.0495786 0.785097 -3.0958
1.39559 1.36594 -3.11431 0.595607 1.20827 -2.44873
1.67107 1.21354 -3.27676 1.18928 1.19106 -2.4056
2.00383 1.15513 -3.6715 1.68545 0.866084 -2.87837
0.380996 1.77876 -4.28387 0.0888684 1.30466 -3.66653
0.825604 1.90997 -3.50343 0.531628 1.69847 -2.89058
1.25937 1.95167 -3.40398 0.990189 1.75044 -2.73701
1.62973 1.85846 -3.56702 1.32832 1.5602 -2.919
2.02429 1.85191 -3.97788 1.77702 1.41138 -3.3382
0.135872 2.26052 -4.40023 -0.0587818 1.92299 -3.82541
0.57968 2.39242 -3.61299 0.412895 2.25672 -3.08548
0.999675 2.43286 -3.51166 0.863117 2.30417 -3.00878
1.34777 2.33472 -3.66461 1.18709 2.13567 -3.15703
1.73449 2.34201 -4.05256 1.58314 2.00674 -3.48487
-0.400507 2.08133 -4.41579 -0.630151 1.79816 -3.83832
0.0292417 2.27566 -3.61714 -0.180096 2.23567 -3.08561
0.441646 2.30269 -3.50617 0.279907 2.28193 -2.98563
0.752538 2.16443 -3.63878 0.600627 2.09089 -3.13321
1.14737 2.14211 -3.99042 1.0153 1.94407 -3.45155
-0.746981 1.59165 -4.34456 -1.08197 1.33915 -3.68486
-0.291616 1.80388 -3.54831 -0.607932 1.75444 -2.96565
0.137557 1.83151 -3.44219 -0.1631 1.80114 -2.83192
0.436599 1.67225 -3.57121 0.144532 1.61595 -2.94864
0.817233 1.60161 -3.91732 0.570894 1.45939 -3.2618
-1.11671 1.12049 -4.35687 -1.50206 0.850444 -3.5949
-0.649915 1.31598 -3.53228 -0.971486 1.22654 -2.84352
-0.205081 1.36617 -3.42306 -0.492059 1.27544 -2.69963
0.0932487 1.20499 -3.55415 -0.222439 1.0969 -2.83121
0.482788 1.16099 -3.90377 0.193017 0.894596 -3.17668
-1.81864 1.6264 -4.58178 -2.23108 1.14656 -3.92224
-1.37171 1.78537 -3.72538 -1.75858 1.51291 -3.14302
-0.927213 1.83036 -3.59331 -1.31574 1.55822 -2.9859
-0.612551 1.62501 -3.70253 -1.00945 1.37662 -3.07055
-0.221578 1.59011 -4.03973 -0.55972 1.24069 -3.3607
-1.96246 1.99297 -4.65315 -2.32716 1.5001 -3.9743
-1.50062 2.17988 -3.81152 -1.86515 1.89794 -3.23448
-1.05317 2.22077 -3.68892 -1.42584 1.96479 -3.08882
-0.743557 2.02615 -3.79674 -1.11545 1.77826 -3.1935
-0.361983 1.97449 -4.14118 -0.702986 1.59392 -3.53719
-1.76688 2.58539 -4.62629 -2.24745 2.21527 -4.13938
-1.29562 2.79093 -3.80813 -1.74975 2.66966 -3.38432
-0.846257 2.84707 -3.70494 -1.298 2.78489 -3.19643
-0.538506 2.69418 -3.83099 -1.00267 2.58869 -3.40922
-0.172437 2.65395 -4.19224 -0.582129 2.44996 -3.79982
-1.35176 2.37358 -4.72868 -1.80063 2.0471 -4.27647
-0.918553 2.64031 -3.89795 -1.35946 2.52059 -3.53157
-0.480186 2.70423 -3.77796 -0.920277 2.65439 -3.31958
-0.161445 2.55905 -3.89416 -0.601751 2.49592 -3.45051
0.22655 2.53131 -4.24192 -0.198837 2.33077 -3.81572
-1.13939 1.63259 -4.67742 -1.54291 1.3462 -4.06236
-0.724127 1.96802 -3.83939 -1.07396 1.83203 -3.27872
-0.290203 2.05384 -3.71433 -0.661995 1.97025 -3.1257
0.0316318 1.91864 -3.81943 -0.293833 1.78631 -3.27706
0.432344 1.87713 -4.15392 0.0867269 1.56909 -3.61459
-0.94956 1.23688 -4.64314 -1.36975 0.899279 -3.96064
-0.519571 1.52898 -3.78714 -0.937733 1.38346 -3.17612
-0.0796982 1.62064 -3.66188 -0.503215 1.53436 -2.98454
0.242799 1.4877 -3.77458 -0.175492 1.37481 -3.11489
0.651936 1.47198 -4.11742 0.306379 1.23041 -3.49114
0.475078 1.13306 -4.41657 0.168696 0.712149 -3.6233
0.941097 1.36565 -3.61792 0.589759 1.11574 -2.89786
1.40667 1.46486 -3.52678 1.10694 1.18572 -2.77651
1.74984 1.35155 -3.67178 1.42151 1.02077 -2.93797
2.13662 1.34588 -4.08407 1.86336 0.904567 -3.35186
0.46389 1.80419 -4.49301 0 0 0
0.945355 1.95952 -3.68853 0.130788 1.32912 -3.96267
1.40872 2.03109 -3.59634 0.633521 1.69531 -3.11542
1.74929 1.92394 -3.7536 1.377 1.47002 -3.30142
2.134 1.95526 -4.17914 1.89894 1.50285 -3.5907
0.27186 2.25119 -4.52627 0 0 0
0.728055 2.44537 -3.73786 0.0145005 1.87652 -3.97059
1.16284 2.49028 -3.63903 0.50157 2.30445 -3.22411
1.48687 2.37549 -3.78167 1.10572 2.29509 -3.13986
1.88346 2.3893 -4.18304 1.70606 2.00798 -3.64409
-0.11848 2.14077 -4.61458 -0.363207 1.83662 -4.05131
0.334988 2.38823 -3.83733 0 0 0
0.768839 2.4286 -3.74034 0.129569 2.24881 -3.34177
1.08822 2.30693 -3.88135 0.704735 2.33624 -3.16174
1.47958 2.29727 -4.27524 1.33426 2.02433 -3.73206
-0.406071 1.57104 -4.786 -0.777709 1.19308 -4.11686
0.017786 1.79165 -3.96533 -0.335169 1.64227 -3.35903
0.458568 1.85144 -3.84646 0.131998 1.70311 -3.19885
0.805605 1.66076 -3.97974 0.472372 1.46205 -3.35382
1.21339 1.62586 -4.35056 0.894469 1.25388 -3.69615
-0.408835 1.10549 -4.83203 -0.780825 0.73079 -4.13154
0.0325205 1.30675 -3.99765 -0.309637 1.14658 -3.33331
0.478133 1.37857 -3.88006 0.119074 1.19903 -3.19131
0.828375 1.19396 -4.01379 0.466662 0.965785 -3.29381
1.23679 1.15016 -4.38878 0.892492 0.818681 -3.62332
-0.940986 2.28932 -4.96349 -1.32854 1.80561 -4.40857
-0.453028 2.44783 -4.14221 -0.80865 2.1885 -3.66079
-0.0217954 2.46776 -4.03415 -0.379361 2.24233 -3.5082
0.290544 2.2651 -4.17037 -0.0571131 2.02853 -3.66634
0.664699 2.26664 -4.5423 0.372637 1.86575 -4.04415
-1.8358 1.87109 -5.15568 -1.97722 1.88056 -4.06334
-1.43134 2.23524 -4.32385 -1.31873 2.18178 -3.58927
-1.00308 2.30796 -4.18147 -1.00546 1.954 -3.706
-0.666078 2.08918 -4.24163 -0.555829 1.73865 -4.05584
-0.255378 1.9996 -4.55871 0 0 0
-2.0116 1.27042 -5.26027 -2.10053 1.44787 -3.81063
-1.65086 1.61529 -4.39431 -1.54969 1.57563 -3.56144
-1.20531 1.67173 -4.21794 -1.24329 1.34468 -3.65383
-0.859165 1.47569 -4.2819 -0.786214 1.14158 -3.97622
-0.425424 1.4059 -4.58487 0 0 0
-2.01349 0.825286 -5.36737 -2.15049 0.948862 -3.80579
-1.70478 1.19674 -4.44738 -1.63447 1.05439 -3.52213
-1.25464 1.2373 -4.23717 -1.30889 0.848728 -3.57134
-0.899087 1.04643 -4.28516 -0.837829 0.674404 -3.86372
-0.436644 0.968204 -4.57349 0 0 0
-0.264929 1.19536 -4.72356 -0.683552 0.906448 -4.0324
0.183179 1.48525 -3.9295 -0.216196 1.32319 -3.30263
0.605335 1.55679 -3.82667 0.220428 1.39735 -3.16085
0.945728 1.41254 -3.94755 0.566084 1.20819 -3.29811
1.34063 1.37125 -4.31598 0.991587 1.05127 -3.6224
0.161321 1.49946 -4.92987 -0.211089 0.932311 -4.31797
0.530216 1.70486 -4.07981 0.212924 1.36111 -3.48136
0.949651 1.77767 -3.92895 0.630015 1.45419 -3.33831
1.31051 1.67807 -4.02928 0.965322 1.3128 -3.41037
1.75118 1.66919 -4.38043 1.44636 1.20316 -3.72581
0.304465 2.14464 -4.89483 -0.00441253 1.62293 -4.32276
0.685223 2.33572 -4.07713 0.400446 2.04537 -3.61866
1.09804 2.3904 -3.94111 0.830077 2.11495 -3.42915
1.4481 2.28763 -4.04969 1.16601 1.95914 -3.53884
1.86734 2.26979 -4.40435 1.65227 1.77566 -3.92829
0.358745 2.57883 -4.85658 0.0928993 2.14458 -4.43024
0.765965 2.75759 -4.05466 0.525153 2.57894 -3.67586
1.17899 2.81042 -3.93388 0.939652 2.63999 -3.50445
1.51088 2.69052 -4.05255 1.27652 2.46373 -3.63725
1.92279 2.67354 -4.4168 1.71874 2.27517 -3.99002
0.297183 1.83555 -5.28311 0 0 0
0.640961 2.12682 -4.47261 0.0578754 1.50051 -4.67672
1.07566 2.1688 -4.31734 0.397412 2.0836 -3.91081
1.36185 2.01676 -4.39967 1.14212 1.53179 -4.41021
1.79856 1.93929 -4.69868 1.57729 1.73928 -4.09016
0.36087 1.49949 -5.51408 0 0 0
0.633115 1.81433 -4.71202 0.0166753 1.18968 -4.77194
1.04703 1.82261 -4.51506 0.374626 1.74085 -4.02304
1.29803 1.63637 -4.57426 0.973689 1.66858 -3.93931
1.75949 1.51673 -4.81771 1.524 1.47412 -4.17568
0.706432 1.24543 -5.73029 0 0 0
0.825446 1.42376 -4.98398 0.106192 0.888391 -4.94018
1.15056 1.36102 -4.73553 0.394754 1.32245 -4.23094
1.30644 1.12009 -4.80131 0.893887 1.2859 -4.04162
1.72877 0.907507 -4.95849 1.41397 0.912837 -4.28497
