-0.230262 1.5002 3.30486 -0.308427 -0.948054 0.0778832 5.59076
0.581225 1.4468 -2.63977 -0.0482379 0.996523 0.0679342 3.53171
-0.101474 1.71693 3.31514 -0.515564 0.762594 0.390698 5.27974
-0.232154 1.88908 -2.68097 0.131101 0.988324 0.0776391 3.99595
-0.407514 1.83426 3.31622 -0.325937 -0.937877 0.118961 4.92096
0.452681 1.85365 3.1885 0.0340122 -0.599141 0.799921 4.02183
-0.104404 1.99522 -2.7839 0.17556 0.0280415 0.984069 4.24906
-0.0730308 1.39171 3.18559 -0.0408114 -0.944194 0.326853 1.16586
0.481979 1.29271 -2.78787 -0.25502 0.583357 0.771142 0.635279
0.0958587 1.33789 3.19952 -0.590605 0.776139 0.220893 3.074
-0.225684 1.67077 3.25826 0.665147 -0.459749 0.588397 0.830292
-0.353008 1.56479 -2.73945 0.0352437 -0.693688 0.719413 1.38868
-0.162023 1.69505 3.2561 -0.453689 0.577378 0.678823 4.68856
-0.712149 1.43396 -2.71292 0.0484169 -0.827645 0.55916 1.55109
-0.0386059 1.48104 3.24897 -0.442905 -0.15299 0.883419 0.968162
0.264199 1.64094 3.2652 0.0802242 0.464573 0.881893 5.71636
-0.428693 1.73737 -2.69388 0.961259 -0.212774 0.175237 2.10737
0.972167 1.47921 3.13458 0.763894 0.528864 0.369823 4.37102
-0.0976287 1.51556 -2.76917 -0.161652 -0.975661 0.148167 1.40728
-0.522324 1.66873 3.21382 -0.106082 0.954467 0.278817 4.9574
-0.110508 1.45151 3.32073 -0.656966 0.492259 0.571032 0.304504
-0.581042 1.52739 -2.66031 0.707903 0.491909 0.506851 1.63278
0.334147 1.37788 3.2676 -0.653949 -0.164142 0.738517 5.68069
-0.667043 1.87583 -2.62729 0.358101 -0.850753 0.384686 3.54072
0.759636 1.77887 3.19982 0.104914 0.143529 0.984069 2.16911
-0.829035 1.37857 3.28033 -0.176704 -0.75808 0.627766 5.02854
-0.467269 1.96077 -2.68039 0.978929 -0.204116 0.00595111 5.31789
0.811884 1.38431 3.15326 0.358656 0.321219 0.876461 1.59788
-0.583056 1.93863 -2.65594 -0.838226 -0.0706457 0.540727 1.81437
0.479049 1.9894 3.24909 0.0442052 0.985539 0.163579 3.63929
-0.774468 1.69185 3.2042 0.945676 0.0801606 0.315073 4.80994
-0.920896 1.93355 -2.78914 0.381256 -0.339229 0.859981 0.0960684
-0.863216 1.92209 3.21057 0.220364 -0.0237984 0.975127 5.85538
0.096408 1.7509 -2.70972 0.554799 0.0937511 0.826685 1.30316
-0.214209 1.95777 3.27866 -0.382408 0.704248 0.598163 4.45155
-0.227699 1.8561 3.20115 -0.0864127 0.220074 0.971648 6.0339
-0.870479 1.94774 -2.76362 -0.380547 -0.89042 0.249672 1.68973
-0.751518 1.55518 3.22234 -0.0405749 0.851744 0.522385 2.45463
0.45024 1.82907 -2.64969 -0.542364 0.809238 0.225776 1.64601
-0.881954 1.55644 3.19419 -0.793629 -0.403408 0.455428 1.87017
0.607288 1.25742 3.33525 -0.832527 -0.283828 0.475753 1.35915
-0.607654 1.55625 -2.53285 -0.860709 0.422866 0.283486 1.72961
0.261757 1.36422 3.40071 -0.881382 0.0916795 0.463424 2.037
-0.368999 1.73936 -2.55423 -0.0664123 0.75221 0.655568 0.669027
0.0249336 1.38761 3.42248 -0.30841 -0.165043 0.936827 5.32748
-0.473128 1.56841 3.27202 0.223089 -0.0512687 0.973449 2.37908
0.161229 1.49166 -2.69385 0.772135 -0.392397 0.499832 4.88913
-0.355571 1.55875 3.28347 0.920077 0.0664521 0.386059 0.997117
-0.723563 1.97091 -2.69103 -0.679075 0.371995 0.632832 3.00842
-0.884091 1.62842 3.29703 0.13871 0.627381 0.766259 3.45367
